8 : 8680967,342758007
8 : 17334140,162522383
8 : 25959649,942195024
8 : 34557515,64258268
8 : 43127648,809794046
8 : 51669871,074428506
8 : 60183938,893170245
8 : 68669570,64337072
8 : 77126473,0652704
8 : 85554366,0889114
8 : 93953006,62568457
8 : 102322211,80123292
8 : 110661880,66470493
8 : 118972011,44196145
8 : 127252709,8605325
8 : 135504184,23858237
8 : 143726725,00033158
8 : 151920669,859101
8 : 160086359,74655998
8 : 168224093,27567717
8 : 176334088,29654777
8 : 184416457,19329673
8 : 192471199,077592
8 : 200498207,8490286
8 : 208497291,9569119
8 : 216468200,2689268
8 : 224410649,2394541
8 : 232324348,65266883
8 : 240209025,5147632
8 : 248064447,00386637
8 : 255890443,11383682
8 : 263686927,89526913
8 : 271453915,98954135
8 : 279191529,70502734
8 : 286899992,22081333
8 : 294579604,81990033
8 : 302230709,937945
8 : 309853645,72035104
8 : 317448700,46607524
8 : 325016075,6045136
8 : 332555863,6485306
8 : 340068043,6146496
8 : 347552492,13118917
8 : 355009005,3465861
8 : 362437325,7674206
8 : 369837169,2657123
8 : 377208249,93543
8 : 384550302,9027069
8 : 391863106,4055263
8 : 399146503,87979656
8 : 406400424,76191497
8 : 413624900,3289321
8 : 420820069,4979265
8 : 427986170,054543
8 : 435123513,5437223
8 : 442232446,15028125
8 : 449313301,98946
8 : 456366357,6888312
8 : 463391797,06002235
8 : 470389691,96887517
8 : 477360001,16154945
8 : 484302584,4587262
8 : 491217226,73903966
8 : 498103665,53391504
8 : 504961617,6257379
8 : 511790802,7973847
8 : 518590965,4308051
8 : 525361895,6770504
8 : 532103451,0159832
8 : 538815576,687625
8 : 545498320,8575327
8 : 552151839,0869647
8 : 558776383,5188009
8 : 565372275,3267938
8 : 571939863,4204434
8 : 578479476,5484799
8 : 584991378,2369198
8 : 591475733,4316202
8 : 597932592,5613925
8 : 604361893,9875857
8 : 610763481,3318357
8 : 617137129,4213202
8 : 623482572,4081326
8 : 629799529,6752734
8 : 636087728,2505418
8 : 642346923,034722
8 : 648576917,0384481
8 : 654777582,4653443
8 : 660948880,8327985
8 : 667090877,4886057
8 : 673203744,7153943
8 : 679287748,7726059
8 : 685343219,8060669
8 : 691370508,3499318
8 : 697369936,3516674
8 : 703341752,6902941
8 : 709286102,1269873
8 : 715203012,8752968
8 : 721092402,8886402
8 : 726954100,3738936
8 : 732787871,57557
8 : 738593449,1525905
8 : 744370557,0706006
8 : 750118931,4002514
8 : 755838339,0339272
8 : 761528596,9405736
8 : 767189592,849339
8 : 772821305,1311314
8 : 778423816,7066416
8 : 783997316,7234823
8 : 789542085,3364431
8 : 795058460,9760114
8 : 800546794,6127416
8 : 806007399,8283072
8 : 811440509,1871822
8 : 816846245,8621646
8 : 822224615,0834596
8 : 827575514,510831
8 : 832898757,9915892
8 : 838194105,0176154
8 : 843461289,0481876
8 : 848700041,0275013
8 : 853910108,249008
8 : 859091271,3793802
8 : 864243362,714177
8 : 869366286,5247192
8 : 874460038,799965
8 : 879524720,5742896
8 : 884560538,1156934
8 : 889567785,3088146
8 : 894546808,1449461
8 : 899497956,7348429
8 : 904421534,5653512
8 : 909317756,0654958
8 : 914186721,3386838
8 : 919028411,9215821
8 : 923842705,5266886
8 : 928629403,0992345
8 : 933388259,7539501
8 : 938119012,6657605
8 : 942821402,7782097
8 : 947495191,3715795
8 : 952140175,1871638
8 : 956756203,6536229
8 : 961343198,9860151
8 : 965901175,8881521
8 : 970430254,325853
8 : 974930658,141546
8 : 979402694,8721466
8 : 983846717,3165966
8 : 988263073,2868469
8 : 992652054,2568998
8 : 997013854,531449
8 : 1001348549,6276665
8 : 1005656096,8501767
8 : 1009936354,7355878
8 : 1014189113,4509215
8 : 1018414126,9659796
8 : 1022611140,0564893
8 : 1026779907,6739585
8 : 1030920208,7953295
8 : 1035031859,4047529
8 : 1039114728,651227
8 : 1043168758,7899407
8 : 1047193984,9469156
8 : 1051190547,336355
8 : 1055158688,1757712
8 : 1059098728,743865
8 : 1063011027,876843
8 : 1066895929,4902037
8 : 1070753710,922433
8 : 1074584544,2560651
8 : 1078388479,0184307
8 : 1082165448,1920102
8 : 1085915292,730989
8 : 1089637795,3229387
8 : 1093332713,4638996
8 : 1096999805,0023627
8 : 1100638844,5460768
8 : 1104249634,0777433
8 : 1107832013,5167208
8 : 1111385875,7543528
8 : 1114911186,5037582
8 : 1118408004,1799805
8 : 1121876491,5060759
8 : 1125316910,531432
8 : 1128729596,694494
8 : 1132114914,1345909
8 : 1135473201,1400862
8 : 1138804718,6798754
8 : 1142109614,6487522
8 : 1145387911,759052
8 : 1148639519,715046
8 : 1151864265,1921
8 : 1155061928,900936
8 : 1158232279,0929632
8 : 1161375094,9211066
8 : 1164490179,138452
8 : 1167577364,903088
8 : 1170636523,6012225
8 : 1173667578,6616404
8 : 1176670525,3032951
8 : 1179645450,4479122
8 : 1182592543,4822187
8 : 1185512089,0553813
8 : 1188404437,8940911
8 : 1191269958,955698
8 : 1194108983,265056
8 : 1196921753,5304968
8 : 1199708392,4735656
8 : 1202468897,05488
8 : 1205203157,6323245
8 : 1207910993,6875818
8 : 1210592193,903941
8 : 1213246549,3745914
8 : 1215873873,8736715
8 : 1218474012,0259717
8 : 1221046841,746042
8 : 1223592279,0279167
8 : 1226110290,3620117
8 : 1228600912,112256
8 : 1231064269,9846187
8 : 1233500588,2890391
8 : 1235910179,92507
8 : 1238293413,7491925
8 : 1240650664,060176
8 : 1242982254,0629
8 : 1245288408,3477087
8 : 1247569227,183042
8 : 1249824688,5469346
8 : 1252054674,9535668
8 : 1254259014,7120795
8 : 1256437524,0915856
8 : 1258590039,007177
8 : 1260716431,139121
8 : 1262816610,9692087
8 : 1264890525,6904898
8 : 1266938160,9366908
8 : 1268959551,4610515
8 : 1270954799,1777053
8 : 1272924090,6100812
8 : 1274867702,9201384
8 : 1276785989,9284725
8 : 1278679346,2049906
8 : 1280548155,7297742
8 : 1282392738,2467134
8 : 1284213308,4186292
8 : 1286009959,3011076
8 : 1287782673,82132
8 : 1289531358,9281845
8 : 1291255890,3726273
8 : 1292956154,234532
8 : 1294632074,8507586
8 : 1296283625,9532073
8 : 1297910829,31688
8 : 1299513749,7305646
8 : 1301092494,7705956
8 : 1302647223,096046
8 : 1304178158,229527
8 : 1305685599,410639
8 : 1307169919,862179
8 : 1308631546,5250227
8 : 1310070922,4630475
8 : 1311488460,5316083
8 : 1312884501,2610083
8 : 1314259287,3588684
8 : 1315612962,0189002
8 : 1316945590,4435523
8 : 1318257196,7068567
8 : 1319547804,169836
8 : 1320817468,5765226
8 : 1322066298,0066485
8 : 1323294460,408621
8 : 1324502184,238855
8 : 1325689758,654585
8 : 1326857536,7411067
8 : 1328005940,345394
8 : 1329135461,0438273
8 : 1330246651,001275
8 : 1331340100,876462
8 : 1332416408,126565
8 : 1333476144,6844735
8 : 1334519834,561777
8 : 1335547948,5078664
8 : 1336560916,5819795
8 : 1337559153,5412652
8 : 1338543088,4420185
8 : 1339513189,5559618
8 : 1340469978,215431
8 : 1341414029,678251
8 : 1342345965,9302633
8 : 1343266454,0184257
8 : 1344176225,8881776
8 : 1345076121,444492
8 : 1345967132,9557333
8 : 1346850419,9943593
8 : 1347727288,102684
8 : 1348599201,2655213
8 : 1349468036,8675094
8 : 1350335760,7984629
8 : 1351203774,7588098
8 : 1352073381,5023544
8 : 1352946061,8494627
8 : 1353823433,1897495
8 : 1354707038,4428718
8 : 1355598192,6102138
8 : 1356497962,2746096
8 : 1357407216,0249462
8 : 1358326693,2849627
8 : 1359257074,9440398
8 : 1360199046,9535728
8 : 1361153342,0599835
8 : 1362120746,1582334
8 : 1363102069,8811638
8 : 1364098101,9385185
8 : 1365109565,7513208
8 : 1366137093,7667108
8 : 1367181222,058861
8 : 1368242398,7600598
8 : 1369320996,814337
8 : 1370417324,458173
8 : 1371531632,9823346
8 : 1372664126,450996
8 : 1373814978,97845
8 : 1374984361,6412334
8 : 1376172475,3723545
8 : 1377379581,4062784
8 : 1378606019,5145686
8 : 1379852207,1477911
8 : 1381118618,5568943
8 : 1382405749,6441827
8 : 1383714078,9883869
8 : 1385044036,1217773
8 : 1386395984,284543
8 : 1387770218,2771857
8 : 1389166971,882498
8 : 1390586426,6018345
8 : 1392028715,294932
8 : 1393493919,5695071
8 : 1394982065,6515882
8 : 1396493126,927728
8 : 1398027040,419406
8 : 1399583739,2065518
8 : 1401163195,4527593
8 : 1402765462,5659525
8 : 1404390703,0970447
8 : 1406039192,3546488
8 : 1407711295,2183971
8 : 1409407422,356819
8 : 1411127978,587142
8 : 1412873317,9077477
8 : 1414643716,1315584
8 : 1416439364,6242685
8 : 1418260380,6006362
8 : 1420106824,1967816
8 : 1421978712,233975
8 : 1423876023,075415
8 : 1425798693,920604
8 : 1427746617,8768063
8 : 1429719650,2378726
8 : 1431717630,4485214
8 : 1433740419,4138165
8 : 1435787944,119348
8 : 1437860236,4157016
8 : 1439957452,6810188
8 : 1442079866,230507
8 : 1444227832,9007099
8 : 1446401738,9025493
8 : 1448601945,4428215
8 : 1450828744,692638
8 : 1453082336,5530555
8 : 1455362827,5629146
8 : 1457670245,6245239
8 : 1460004560,0793934
8 : 1462365697,5368419
8 : 1464753548,986084
8 : 1467167970,509267
8 : 1469608785,0686555
8 : 1472075793,8650038
8 : 1474568802,075837
8 : 1477087656,9714146
8 : 1479632289,4982698
8 : 1482202746,5473654
8 : 1484799202,1521754
8 : 1487421941,6467102
8 : 1490071321,228125
8 : 1492747713,182567
8 : 1495451451,2255704
8 : 1498182789,410438
8 : 1500941882,435033
8 : 1503728787,3416922
8 : 1506543479,7728071
8 : 1509385874,7755334
8 : 1512255843,626061
8 : 1515153223,2217138
8 : 1518077820,7024033
8 : 1521029420,1413925
8 : 1524007798,3683212
8 : 1527012753,0782773
8 : 1530044140,0424044
8 : 1533101910,3541615
8 : 1536186135,9055612
8 : 1539297013,134823
8 : 1542434841,0341768
8 : 1545599977,2993138
8 : 1548792783,3021178
8 : 1552013571,683433
8 : 1555262568,6324546
8 : 1558539897,229664
8 : 1561845580,9293253
8 : 1565179560,3238256
8 : 1568541713,961912
8 : 1571931875,805471
8 : 1575349846,7076344
8 : 1578795402,6413872
8 : 1582268305,6850317
8 : 1585768323,3981469
8 : 1589295258,2870083
8 : 1592848983,3437479
8 : 1596429474,7287667
8 : 1600036830,9283087
8 : 1603671270,1383321
8 : 1607333103,5557907
8 : 1611022689,51498
8 : 1614740379,237733
8 : 1618486467,1471424
8 : 1622261156,4740708
8 : 1626064545,2609124
8 : 1629896631,1891723
8 : 1633757328,533335
8 : 1637646488,8383853
8 : 1641563918,910471
8 : 1645509394,1763542
8 : 1649482670,0648305
8 : 1653483496,5779002
8 : 1657511640,3836498
8 : 1661566914,9162154
8 : 1665649213,8569775
8 : 1669758539,3640902
8 : 1673895015,5037644
8 : 1678058880,1971898
8 : 1682250454,7911637
8 : 1686470097,0035498
8 : 1690718147,9180896
8 : 1694994885,1133084
8 : 1699300491,4111853
8 : 1703635043,2754455
8 : 1707998516,7838168
8 : 1712390804,7247357
8 : 1716811737,1638718
8 : 1721261099,9802966
8 : 1725738649,9219756
8 : 1730244128,7127843
8 : 1734777280,5741239
8 : 1739337876,3396788
8 : 1743925743,6517625
8 : 1748540798,1738725
8 : 1753183067,564046
8 : 1757852699,7299714
8 : 1762549950,079011
8 : 1767275148,104281
8 : 1772028649,6607027
8 : 1776810785,4297314
8 : 1781621816,8204598
8 : 1786461907,66686
8 : 1791331114,814156
8 : 1796229395,1535168
8 : 1801156622,8913093
8 : 1806112610,1175747
8 : 1811097125,9090562
8 : 1816109912,94456
8 : 1821150703,9600601
8 : 1826219241,6818361
8 : 1831315304,402392
8 : 1836438735,8582458
8 : 1841589474,0415897
8 : 1846767571,1201077
8 : 1851973196,9924264
8 : 1857206622,4426637
8 : 1862468183,2941318
8 : 1867758232,3812218
8 : 1873077089,6097288
8 : 1878425000,5419927
8 : 1883802110,8566742
8 : 1889208458,9795432
8 : 1894643984,1312551
8 : 1900108543,8406734
8 : 1905601934,6224484
8 : 1911123911,6955204
8 : 1916674207,0244699
8 : 1922252547,8164005
8 : 1927858678,4074192
8 : 1933492386,842111
8 : 1939153534,0969162
8 : 1944842080,4118276
8 : 1950558101,335514
8 : 1956301786,98425
8 : 1962073421,6017208
8 : 1967873345,7148938
8 : 1973701908,0768843
8 : 1979559417,3984857
8 : 1985446103,5192637
8 : 1991362094,4801974
8 : 1997307411,0736508
8 : 2003281975,8821745
8 : 2009285631,114182
8 : 2015318159,4898825
8 : 2021379304,60352
8 : 2027468790,2957888
8 : 2033586340,9181523
8 : 2039731704,790362
8 : 2045904681,396986
8 : 2052105149,6836677
8 : 2058333091,8482485
8 : 2064588605,683436
8 : 2070871899,8790522
8 : 2077183270,3984823
8 : 2083523061,0045462
8 : 2089891615,391706
8 : 2096289230,6333742
8 : 2102716120,8608222
8 : 2109172396,8163762
8 : 2115658062,215032
8 : 2122173023,7691822
8 : 2128717109,4091854
8 : 2135290089,4660883
8 : 2141891697,7159
8 : 2148521651,9759974
8 : 2155179675,898386
8 : 2161865523,681261
8 : 2168579007,5450983
8 : 2175320024,889066
8 : 2182088579,477463
8 : 2188884790,2370925
8 : 2195708882,9066343
8 : 2202561163,5805874
8 : 2209441977,9134083
8 : 2216351663,6337447
8 : 2223290505,7333765
8 : 2230258702,589196
8 : 2237256347,8683643
8 : 2244283428,6410804
8 : 2251339836,367606
8 : 2258425385,561898
8 : 2265539835,3497148
8 : 2272682911,2078433
8 : 2279854326,7007675
8 : 2287053806,5949526
8 : 2294281112,5352573
8 : 2301536070,513904
8 : 2308818596,6912885
8 : 2316128715,9557786
8 : 2323466567,3037186
8 : 2330832392,0957255
8 : 2338226505,0919757
8 : 2345649252,5964165
8 : 2353100965,510721
8 : 2360581916,3091593
8 : 2368092287,531478
8 : 2375632155,9477596
8 : 2383201492,3324175
8 : 2390800173,423708
8 : 2398428001,0789647
8 : 2406084724,2604623
8 : 2413770061,4822536
8 : 2421483723,602865
8 : 2429225438,069875
8 : 2436994975,304026
8 : 2444792175,9149356
8 : 2452616975,023999
8 : 2460469418,160493
8 : 2468349663,3559594
8 : 2476257966,2553906
8 : 2484194648,90757
8 : 2492160057,1089044
8 : 2500154514,127003
8 : 2508178279,4929986
8 : 2516231519,804542
8 : 2524314295,0741234
8 : 2532426560,100902
8 : 2540568177,3861194
8 : 2548738936,8271174
8 : 2556938578,1755652
8 : 2565166814,1944013
8 : 2573423354,4145613
8 : 2581707930,361451
8 : 2590020322,3795185
8 : 2598360386,4029994
8 : 2606728076,61675
8 : 2615123458,681482
8 : 2623546708,6625333
8 : 2631998095,2128906
8 : 2640477946,374517
8 : 2648986606,341793
8 : 2657524389,980951
8 : 2666091543,470436
8 : 2674688217,3644714
8 : 2683314455,037863
8 : 2691970195,618921
8 : 2700655287,8366003
