25 : 551005099,3933165
19 : 2477975791,5137997
29 : 2661528326,7794323
30 : 3895691740,924057
24 : 6442739721,440814
46 : 9932635687,202885
21 : 12204761236,000933
47 : 13773674490,81533
43 : 15378635859,663382
16 : 17512860654,134155
25 : 17757761871,410664
47 : 19688005267,37012
21 : 22336612977,08782
29 : 22964452441,609398
24 : 24315377114,244648
25 : 24330872521,44322
30 : 25175959381,490494
9 : 27539131475,68683
43 : 28541801450,509136
23 : 35552887139,126526
16 : 37343528370,53714
47 : 37877050010,550766
21 : 39036303099,630035
