16 : 9147923,987551058
14 : 9731283,084227122
4 : 9886968,353847183
13 : 10247656,402242
17 : 15257875,656966398
8 : 15619460,748311667
14 : 16590016,61757327
12 : 16633223,635753842
13 : 19648343,461660367
16 : 19707145,199346367
4 : 22531803,98825465
14 : 24622195,15025465
12 : 24713054,474441223
13 : 26974381,81711566
16 : 27072245,514727317
17 : 28458682,902500216
8 : 29591871,649117533
11 : 30301874,442408357
13 : 36795448,805476375
17 : 38487483,97426009
8 : 39358640,181820914
4 : 40659713,812957406
12 : 40762206,594320685
16 : 42145660,37504977
14 : 42753268,251579046
11 : 42948191,560851276
9 : 45731044,59189907
13 : 46490292,428447425
11 : 50500802,53013027
4 : 51481815,51559301
16 : 52900933,579093486
13 : 54997089,78698741
9 : 55279336,535730496
17 : 56856317,73402628
12 : 58778665,02500518
14 : 58841953,07088694
4 : 59026422,447261184
16 : 63420000,06255172
8 : 64276602,01435788
11 : 64622791,080741465
9 : 65235062,97675145
4 : 68296268,21891196
14 : 69429480,02532402
12 : 71481919,74464218
17 : 71583229,34994471
13 : 73329494,187625
16 : 74267938,87227163
8 : 74884020,10728823
9 : 76921236,90037856
12 : 81021955,41338542
13 : 82380728,97480012
17 : 82993035,96493915
16 : 83906986,3271192
11 : 84470479,75487725
8 : 85818603,3275211
4 : 85859075,97496636
14 : 86771014,55727495
9 : 89373934,58325635
12 : 91319393,51917566
11 : 93592852,27510417
17 : 95781431,55349624
9 : 98359716,3351251
16 : 98432090,18679737
8 : 98872914,91348743
13 : 101172246,94133624
4 : 101364187,00997362
14 : 102289006,19872583
12 : 102911692,86031592
11 : 103487317,70253333
17 : 105392706,86568439
9 : 107476184,11741534
8 : 110533564,74783932
16 : 112781397,64445654
4 : 114525126,6656653
14 : 115621089,22996515
12 : 116277713,61165759
13 : 116817561,44976997
11 : 117419890,36308572
17 : 117582243,04209465
9 : 119339009,5923365
8 : 123344709,83368358
13 : 124307840,04408151
12 : 125418927,28308074
11 : 126009610,96424471
14 : 126958024,98883073
17 : 127144817,94403575
16 : 129419110,78603922
8 : 132928578,76430808
4 : 133441693,25983572
12 : 133940249,66151981
9 : 134950336,47346893
13 : 138104528,842535
11 : 138222020,32320535
17 : 138526332,77371547
16 : 141582858,02650604
4 : 141721089,98750308
12 : 145426577,51344153
9 : 146230298,79531592
8 : 146591490,77786416
14 : 148592625,60154197
17 : 153940019,57867774
9 : 154065408,34942555
4 : 154192100,05049002
11 : 154754182,271506
13 : 155326999,4003769
12 : 156515457,3170134
14 : 156618493,37500206
9 : 161457044,34784696
8 : 162899918,03379735
12 : 163344715,53735036
14 : 166096523,32375908
4 : 166546138,52327853
17 : 167471343,87705937
11 : 167588480,4910206
16 : 168992429,5223451
9 : 171958278,71704844
8 : 172976356,84376276
13 : 175359879,39996693
14 : 176442423,1947131
12 : 180145151,58363518
11 : 181662121,6495323
8 : 182073640,554992
17 : 182250519,58339077
9 : 183150873,58611497
13 : 184414448,02989408
14 : 187492637,33076292
4 : 187974267,08385623
12 : 190733897,0207878
11 : 191001852,16060266
8 : 191291695,01560926
16 : 191837868,0117515
17 : 192159797,95236287
13 : 195107913,14710242
9 : 196549193,90302512
12 : 198757209,1186514
11 : 199225102,79842117
17 : 200800049,39357597
13 : 203197634,1473805
14 : 204726893,42607275
16 : 205191322,89080304
12 : 205387585,79158935
8 : 207640286,24159575
9 : 208502004,65296307
4 : 208718043,45035955
11 : 209853911,6690478
13 : 212479278,77297667
12 : 212789574,7926194
16 : 213741048,12375274
14 : 214768024,74261984
17 : 215804020,62420374
9 : 217495930,20171386
8 : 220384648,62308958
11 : 222699653,61535144
12 : 223737084,7643157
13 : 224128997,07176107
16 : 224780600,64521885
14 : 227520122,81894943
9 : 227967878,46003193
17 : 230836680,2220466
4 : 231057770,30091187
8 : 233449069,15498435
16 : 235323585,28086233
13 : 238365911,47780347
9 : 239374985,23569408
12 : 239945663,12312344
14 : 240879635,5470679
17 : 244626752,2208328
8 : 247923326,1227522
11 : 250667829,33160463
12 : 251219674,76878503
13 : 251836867,42173427
16 : 252987181,01712394
14 : 253870066,41774073
4 : 256165265,77874908
9 : 257382193,30280024
11 : 264825448,21537137
13 : 265061228,49670222
17 : 265786175,38113868
12 : 266877455,12187907
16 : 267697675,58966938
8 : 269615927,6336989
14 : 270081502,35191345
9 : 270323224,71264946
13 : 276260388,8369449
4 : 281503716,3712471
9 : 282273341,6522645
11 : 282408235,46014506
14 : 284467512,85150385
12 : 284646271,4370903
13 : 288019511,65468454
9 : 292863018,83205646
4 : 293861777,7744067
14 : 295429260,2964656
12 : 297029323,81134456
9 : 302304418,28168076
14 : 303841132,4430056
4 : 303964754,0421048
12 : 305538037,45126134
14 : 308327975,39045066
14 : 311523250,62249976
12 : 313324252,68099636
14 : 316203549,4595855
12 : 319102424,91491264
14 : 322493853,82193846
12 : 322604901,648362
14 : 327574791,7661922
12 : 327902027,23408806
14 : 332882284,5810642
12 : 333044302,07746047
14 : 337888810,7152349
12 : 338526114,65996546
14 : 343509563,76454586
12 : 343688030,87815106
12 : 348753942,71295583
14 : 349200861,33157414
12 : 354353537,20561713
14 : 354540987,66685456
14 : 358593115,44206023
12 : 361516528,7168315
14 : 363088096,5322744
