31 : 36126421,3222841
29 : 42419134,35196433
33 : 44564412,419558324
8 : 48892176,927582435
10 : 49339723,57974633
39 : 50669096,873490095
34 : 51361250,39377397
37 : 54615775,09933345
19 : 56671320,01593127
32 : 56959349,14101387
12 : 62988411,33205538
40 : 66201401,62742798
33 : 77011257,40572433
29 : 80067609,91731833
10 : 90862015,74231641
37 : 99634183,02205281
40 : 99791961,1963432
8 : 102932465,30259205
31 : 106125349,78835069
19 : 111539752,40852065
33 : 113756708,64641272
34 : 114912769,87954082
12 : 123479717,76304571
10 : 128406548,30783977
37 : 136010493,5470649
39 : 143199825,56937242
29 : 147889765,51227242
8 : 150345557,9656698
19 : 152268285,3723504
31 : 152686329,88100302
32 : 155202328,60020345
40 : 161090672,4730808
12 : 162906388,43481666
10 : 181347995,55054572
33 : 186178890,18818927
34 : 188350772,18280137
39 : 191553261,85724396
29 : 192783135,61795643
19 : 193679077,88801122
31 : 195843751,57683688
12 : 202444408,94246495
37 : 207643243,82664865
40 : 215061612,48408803
32 : 219398096,5310964
8 : 221936788,63302222
33 : 238704056,2307189
31 : 240147306,6566719
34 : 240912973,51256627
19 : 243674990,50691503
10 : 244004532,87413007
39 : 246197440,49418935
37 : 260253152,85380998
12 : 260963715,60036728
40 : 263591408,31947947
29 : 268424176,29514995
32 : 290040619,0428111
8 : 290156736,5527684
19 : 294049169,4577366
10 : 294827304,270973
39 : 297013247,6101426
34 : 301654070,3546309
37 : 304498650,7148471
40 : 308012903,3444278
12 : 311759950,31067276
31 : 314803935,01506424
33 : 330005829,72668856
8 : 332667094,7041205
10 : 333464859,12976307
29 : 336459205,1385724
37 : 342884990,4934707
32 : 344213241,64455295
34 : 353178082,5821505
40 : 354486404,0268954
39 : 357008942,0389402
19 : 358534679,5235046
31 : 364741240,39678323
33 : 376752342,10735905
10 : 381032235,0877666
37 : 383949960,53764075
32 : 386560029,30892426
8 : 388331287,05466783
40 : 402748009,47778356
12 : 403188190,16805124
31 : 407804256,85294294
34 : 408274691,349246
29 : 408967080,1499494
19 : 411338362,5333384
33 : 417279172,111718
10 : 418690389,6510455
40 : 431573675,7886323
37 : 433440774,1224164
34 : 446019086,74995995
29 : 448784361,84303254
33 : 449205362,29035157
10 : 454640496,4050136
32 : 455353423,24796474
19 : 461480414,16223735
39 : 467039151,4475475
12 : 467246192,02580863
31 : 473827933,3642473
40 : 475850526,5346327
37 : 477316608,7062353
34 : 490721594,69627887
10 : 492253723,88256687
33 : 494785214,545535
29 : 495823316,912571
8 : 502536304,4155493
19 : 519191846,4889594
31 : 519536323,3231687
37 : 522769144,1655462
40 : 524321143,7191552
29 : 529672955,6939718
34 : 532458546,2177802
39 : 533821753,1781909
32 : 535358234,31629115
12 : 536036900,22856146
10 : 537453404,0678864
33 : 543055101,5044075
19 : 555509539,4845805
34 : 567182040,9841405
40 : 568687515,0180348
37 : 571691132,2321804
10 : 573446873,3143114
31 : 585135509,1728964
8 : 585414707,3602077
33 : 588418664,3687806
29 : 592091831,4978037
32 : 592966950,893553
19 : 598812854,2419531
39 : 603847019,457726
37 : 604313945,621228
34 : 605461605,8380886
40 : 607186209,8784982
10 : 610473668,1068466
12 : 616900692,4919407
31 : 618753825,5524575
32 : 635596559,8581226
29 : 643650355,9092807
19 : 655623416,0662625
37 : 657979511,4823647
40 : 658383451,6764426
10 : 658617370,8851367
31 : 660178295,5617131
33 : 673197779,6364132
34 : 677385241,7897787
32 : 677783235,95642
12 : 685047919,2602828
39 : 687012256,7596796
19 : 687680234,7541037
37 : 688550878,3452281
8 : 694602255,377976
40 : 699636626,25582
10 : 700236156,5974951
29 : 717759543,8488622
31 : 725409585,2711905
19 : 725984979,055021
32 : 727957212,7182051
33 : 731372038,2348946
34 : 733503122,3532283
37 : 736560101,0060894
40 : 737706835,863006
10 : 738679205,015682
39 : 757332517,54228
12 : 758315725,9324132
8 : 760520060,1769447
29 : 764470845,8968669
34 : 767572057,6808118
19 : 775219789,8982598
31 : 777696174,4845833
33 : 778700342,7199615
37 : 782114959,9551638
10 : 783766354,4823312
32 : 789681218,2258902
40 : 792714719,5448917
34 : 808376034,2269362
29 : 810475186,3268272
31 : 813084644,2130855
33 : 814619654,0446008
19 : 815725428,9829571
37 : 819845555,4069117
10 : 827580009,3473873
40 : 829561372,7373495
8 : 840541316,6171137
12 : 851278823,717817
31 : 853344141,2032421
29 : 856111262,0375369
34 : 859344995,6254144
37 : 860906079,3050364
19 : 863729835,8530797
39 : 877958867,6369262
33 : 884759738,9198358
32 : 885539711,3591598
10 : 889518193,3620334
40 : 894810827,8982996
31 : 897954257,5348493
8 : 900170376,784953
29 : 902535079,6583728
37 : 906899671,948883
19 : 907425919,678074
34 : 918454633,8286139
33 : 928630514,4972181
39 : 937597482,3727491
12 : 938323923,3390086
31 : 939041745,5934488
37 : 943121388,3281448
10 : 943789759,0545741
19 : 947446955,9804744
29 : 948710573,1085831
40 : 949846640,4605905
34 : 951635398,3374778
32 : 957833458,2170455
33 : 964290828,7653275
8 : 979559711,2250639
37 : 980435635,0504786
40 : 984047894,6326398
31 : 994203677,9789792
19 : 999400810,7834547
39 : 1004402189,0117465
34 : 1006671299,9063517
10 : 1010177773,5662969
32 : 1013273587,1764851
33 : 1016049876,3838656
29 : 1018542207,0592253
37 : 1020093389,97504
12 : 1022453548,8971589
40 : 1032569269,2046753
31 : 1034646108,2919282
19 : 1035651697,1652359
34 : 1041355185,6845793
10 : 1048772587,4036187
33 : 1054531341,8250548
29 : 1062786644,2974745
37 : 1063653146,7670075
32 : 1069111905,9651254
8 : 1071926275,5572739
31 : 1073302062,0466973
19 : 1074062018,2834034
39 : 1081816978,910413
10 : 1083031374,7521799
34 : 1084148352,6689844
40 : 1094307205,8728037
33 : 1101952665,4471436
37 : 1104546978,5933974
29 : 1111160597,5401528
34 : 1114844012,204269
10 : 1117360336,3832157
31 : 1118451425,2420475
19 : 1122434644,4224434
12 : 1131172183,7403805
32 : 1133662718,6455061
8 : 1139470621,6040375
33 : 1142329341,6166685
31 : 1153058849,7862675
37 : 1153689127,7242327
10 : 1155475799,5942092
40 : 1158007464,3599148
34 : 1161167206,2119966
29 : 1166169072,8258908
19 : 1177416904,0514812
8 : 1181982715,1763349
39 : 1192264764,4000719
34 : 1196654203,7464063
32 : 1200364743,8925016
31 : 1200667392,6588142
33 : 1206344239,2382538
29 : 1210531659,4236817
40 : 1211851113,0046866
12 : 1220912971,8549905
37 : 1227817460,9192128
32 : 1230334551,7691553
39 : 1232381884,2765894
10 : 1235371897,2922208
19 : 1235665446,132191
29 : 1241618428,154947
33 : 1246890681,1032946
8 : 1247940029,6573746
40 : 1251434622,4878726
31 : 1253821494,058267
34 : 1254903554,3273513
37 : 1261846301,71989
10 : 1269270308,4355268
32 : 1273536820,03539
12 : 1283945227,5197573
19 : 1287165306,6772728
29 : 1288160244,4698238
33 : 1305927943,010242
40 : 1307486134,671679
31 : 1309807861,9469442
39 : 1314118613,7046509
8 : 1316041925,359804
37 : 1317252720,5015006
32 : 1319197010,9139476
10 : 1320749148,3508596
19 : 1321899794,5247917
34 : 1329623598,1722667
29 : 1336164036,4739206
33 : 1342792819,7911193
40 : 1348319130,965883
37 : 1350148956,645946
31 : 1355135239,567718
10 : 1356761958,528989
12 : 1364523138,142052
34 : 1366682585,8943963
19 : 1380914166,1561499
39 : 1381296403,7481837
29 : 1388336285,945408
37 : 1391630329,593156
33 : 1397488167,8084733
32 : 1398156590,8166811
31 : 1399152935,9822865
10 : 1400099072,4822822
40 : 1405750614,85634
34 : 1412665781,8609989
19 : 1420437787,679209
8 : 1422056458,92103
29 : 1425008305,7757175
12 : 1427411823,7360265
37 : 1433042905,72165
10 : 1435129215,3318381
33 : 1437869591,4627569
31 : 1441408216,9798856
34 : 1447920429,7187085
40 : 1448920308,544353
39 : 1453559925,1551776
29 : 1466062027,4715319
19 : 1467795650,6397958
10 : 1469058579,2385612
37 : 1474204870,8914318
31 : 1475763799,7245927
33 : 1482415653,6085696
12 : 1489858178,7384107
40 : 1491162680,3738828
32 : 1493176202,367323
34 : 1498457155,5410511
31 : 1513764871,3082914
8 : 1515981754,1917825
10 : 1521434727,28771
39 : 1526582010,641992
33 : 1530537081,8883102
29 : 1533943180,7804112
37 : 1537566401,4168046
20 : 1548432269,2254515
32 : 1550280560,6528656
40 : 1557960656,9978554
39 : 1559956013,907787
12 : 1561656244,223389
34 : 1565634413,370887
29 : 1569720441,2327604
31 : 1571219516,3440413
10 : 1573826524,5046182
37 : 1574897979,642335
8 : 1577206396,97606
33 : 1578488296,2713685
20 : 1586783210,2761633
32 : 1593381755,305889
40 : 1599991113,6239045
12 : 1614829087,3521173
34 : 1619466782,8435555
37 : 1623121223,0553257
20 : 1625972288,2511072
10 : 1629602886,0903256
31 : 1640655504,9351852
33 : 1643927935,8035092
8 : 1648102373,4126995
29 : 1650721490,1778708
40 : 1652211010,3876388
39 : 1659653751,4943802
32 : 1661148904,5276358
34 : 1666640012,0989883
10 : 1672338654,9748137
31 : 1678293895,7082622
12 : 1683619145,2816954
20 : 1684774880,6941636
37 : 1686882525,4143448
40 : 1691530702,0918794
33 : 1694299981,017737
29 : 1704270614,70732
39 : 1709414434,5508533
32 : 1718194653,0605004
12 : 1723083804,7528217
8 : 1724467169,8022985
10 : 1729843355,7419496
40 : 1735647300,2904263
34 : 1737239834,6664414
37 : 1738619938,7343788
20 : 1744810018,106565
33 : 1746904134,2266653
39 : 1753296598,0207102
32 : 1755415836,6355498
12 : 1759923370,849265
29 : 1762701286,5137963
31 : 1765831038,8250916
10 : 1768506110,282583
33 : 1782544198,8226683
20 : 1783712018,12976
34 : 1789168414,8105247
29 : 1793767015,6800554
40 : 1796496912,3336163
32 : 1797095570,468892
37 : 1798351377,30944
8 : 1799530926,4349365
39 : 1806709265,3400264
31 : 1816061800,420416
33 : 1818271637,012178
12 : 1819716256,5378978
20 : 1822712981,9837174
10 : 1827569457,4786637
34 : 1836757553,693348
37 : 1842673277,0848498
29 : 1855405507,0071828
31 : 1857776775,045623
32 : 1859872365,0543966
40 : 1861715932,0778213
20 : 1866704138,5875657
33 : 1868535787,9764874
10 : 1870953176,001307
8 : 1875642232,7890143
34 : 1878148453,7790883
37 : 1881415430,3420823
39 : 1882572050,968783
40 : 1899517929,6205466
20 : 1904951452,7646937
31 : 1906752567,16933
12 : 1917743313,462846
29 : 1921923205,5225313
33 : 1923414670,631128
8 : 1925103187,6067545
34 : 1926714688,9747217
32 : 1933905058,1334884
10 : 1935452778,1821933
37 : 1938576289,4776404
39 : 1943377216,3387203
40 : 1945762270,1693761
20 : 1948777126,923567
33 : 1959562448,8553998
31 : 1966829214,7217782
34 : 1973173621,9533668
10 : 1976029497,8795602
20 : 1985165167,9137893
32 : 1989096684,6101959
29 : 1994949833,2897074
12 : 1996462421,1572661
37 : 1997328973,2609456
40 : 2010437751,6133573
33 : 2012130072,654002
39 : 2018891509,4025812
31 : 2020843698,4814398
34 : 2024105864,0556128
10 : 2026897539,5773928
20 : 2032029940,5169888
32 : 2035617329,399042
8 : 2038996091,0505774
37 : 2040466154,7613926
29 : 2047725299,6678805
12 : 2059685731,7499762
39 : 2063810715,929229
31 : 2069062302,8739178
37 : 2074019558,9900234
34 : 2075020147,8374937
10 : 2076524391,908934
40 : 2078122701,8214612
33 : 2080328253,8012624
20 : 2087666802,9448137
32 : 2099120499,8495822
29 : 2108903538,486212
8 : 2109807353,4733174
37 : 2117136904,6982481
31 : 2118567368,5486705
12 : 2119531912,161375
10 : 2121259675,4623284
20 : 2124559359,9639947
33 : 2126071772,6124036
39 : 2127385884,0452728
34 : 2135594262,7782116
40 : 2139946345,5232952
32 : 2150538509,2190886
10 : 2155362871,129712
37 : 2157846538,85055
31 : 2165413179,261329
20 : 2168211118,445448
33 : 2175990339,00095
29 : 2177377502,578003
39 : 2179935453,6624193
32 : 2183015103,406639
12 : 2184112135,883452
34 : 2187443136,858751
8 : 2202367161,651772
31 : 2203726858,7290406
37 : 2205764710,1716547
40 : 2213010935,3473744
34 : 2217911524,076437
20 : 2220139156,2390175
10 : 2223068473,427073
29 : 2228413641,6940227
33 : 2235315080,627796
12 : 2239062657,8930845
39 : 2246294901,4557
37 : 2249550670,304935
31 : 2257349931,535259
32 : 2260370612,313703
8 : 2263493156,2089295
34 : 2265417422,631716
33 : 2271745077,4023166
20 : 2277864343,9292054
40 : 2280361227,648739
10 : 2283886682,2492437
39 : 2287410537,319579
12 : 2288193557,398882
31 : 2292724309,8231936
37 : 2302311961,908366
29 : 2313543836,2346888
34 : 2319223997,1344333
33 : 2323107245,723106
32 : 2324597325,725195
8 : 2331676066,3415265
20 : 2335778198,702897
40 : 2340866062,3176923
10 : 2342461880,6512322
31 : 2342565245,90792
39 : 2355033800,0088873
33 : 2356890472,299523
32 : 2362165304,1360655
29 : 2370296617,1482434
20 : 2373332031,1855593
12 : 2375642453,998866
34 : 2377209738,3155365
8 : 2382417839,069887
31 : 2386684914,87249
40 : 2386907759,945777
32 : 2395578046,5593944
29 : 2404476802,0141196
39 : 2409159516,133749
33 : 2411062595,182578
10 : 2413043067,092432
31 : 2419146654,6171646
12 : 2420622642,899484
8 : 2423471579,0142117
34 : 2425222897,849026
37 : 2426876747,5598125
11 : 2428511543,7722144
40 : 2447291967,2303896
29 : 2449779413,6269355
32 : 2449783485,5470552
33 : 2455324958,780316
10 : 2458205045,5858665
37 : 2462545485,7142224
31 : 2472938706,5091696
39 : 2478085420,0656753
34 : 2480342674,250735
40 : 2484732655,9260635
32 : 2491587681,605612
29 : 2494438139,7662544
8 : 2496670085,7781086
33 : 2498620683,2721996
37 : 2500799300,7748227
11 : 2502768352,774328
10 : 2504490259,4972005
31 : 2507130953,6273823
12 : 2509152743,454992
39 : 2519689274,008169
40 : 2521468037,6895137
32 : 2523849248,5231466
33 : 2527549742,7151384
11 : 2532051126,6933722
31 : 2536582367,468694
8 : 2537149529,636712
39 : 2542335673,490937
12 : 2543098642,5215025
32 : 2545932900,3439407
33 : 2547300871,5193777
8 : 2556372398,622949
39 : 2560271650,5861144
12 : 2562951359,3282766
32 : 2566811969,3536096
8 : 2574205550,658514
39 : 2579338071,6451674
12 : 2581882529,810404
32 : 2586267104,2399817
8 : 2592635698,9618173
39 : 2597276433,1761146
12 : 2597987474,0170307
8 : 2606833157,538072
39 : 2613501073,3086357
12 : 2614271719,259112
12 : 2626436330,8969865
8 : 2626526057,0151134
39 : 2626882997,902928
8 : 2641522171,3120933
12 : 2641755490,036394
39 : 2642632213,1938844
8 : 2655393988,3190365
12 : 2658079943,5186996
39 : 2658605362,612845
8 : 2671095300,5599756
39 : 2672888165,356008
12 : 2673488466,771559
8 : 2684600852,432642
12 : 2687005740,1089816
8 : 2693284207,166844
8 : 2700655287,836565
