29 : 1895720065,1099765
21 : 2689945130,439977
17 : 4724002689,582543
19 : 5687498648,471781
25 : 6512853544,043529
46 : 6982423165,905172
24 : 9261303051,040741
43 : 9698996575,350416
26 : 9821579371,258541
20 : 11141784021,00287
47 : 11749035837,863003
30 : 12930990456,26416
21 : 13813848577,298296
19 : 14953373156,870955
17 : 17198149183,085022
25 : 17905352754,651207
24 : 19275052634,736206
29 : 21086841304,90556
43 : 21564701971,829765
20 : 23072539091,83067
26 : 23143607540,666355
30 : 24218702196,815784
46 : 24559658909,464493
46 : 24622970419,705692
24 : 25186664912,971306
30 : 25267378391,506588
23 : 30735262388,312675
17 : 32051218130,29855
47 : 32822745058,28413
21 : 34699018084,758286
29 : 35549655106,20242
43 : 36007884893,73325
26 : 36084445843,28415
20 : 36893621162,59923
25 : 37325808198,251686
19 : 39036303099,63014
