34 : 19146641,587835938
30 : 19851131,20465608
27 : 20205106,581005875
29 : 23291321,118332285
28 : 29221465,14143703
10 : 29268689,3809451
34 : 32907400,12952566
4 : 33706137,60497466
24 : 33837700,10639739
31 : 34786591,788858
11 : 34806825,19631195
25 : 34843501,443516165
12 : 34863143,42644639
8 : 45347905,01533432
27 : 46380194,50342505
28 : 51967581,450095
34 : 53710580,40178865
11 : 53970207,131011605
10 : 63741282,37640539
24 : 64099719,481812224
30 : 67655486,24392009
27 : 67959659,2265388
8 : 68372668,42197056
25 : 71147151,61811137
29 : 71215745,43037592
33 : 74997225,93064414
4 : 75901260,08193907
12 : 77695819,72463961
11 : 78540857,60333477
28 : 83719574,78968424
31 : 84027817,50316636
34 : 84723516,36761345
30 : 87488643,7457698
10 : 88861066,44266938
29 : 93543851,19317849
24 : 94218266,94952673
27 : 99043969,58060023
4 : 99424468,8352301
12 : 104478211,94576333
25 : 110863007,3282161
10 : 110947347,98884965
34 : 111044715,1323769
30 : 111929811,35436735
24 : 112318275,8670588
8 : 113643841,8730807
33 : 114996147,08902697
28 : 117954528,66954435
4 : 119106415,36874267
29 : 121836702,4809822
11 : 126581691,93944088
27 : 127072586,01855089
10 : 132049989,4536024
12 : 132312565,62369582
25 : 133910900,68567193
31 : 134026848,81475961
24 : 135762091,9830489
34 : 146837659,6809067
10 : 148738386,5566462
28 : 149823394,57379287
4 : 151567375,8881039
8 : 153181233,71093625
24 : 154256597,02126464
29 : 154830405,0738408
25 : 157518516,00722665
12 : 158494464,0817394
27 : 159781601,15327087
11 : 159830280,978448
30 : 161415158,19345725
34 : 162157064,86591178
10 : 163912377,3693147
33 : 170729913,79020536
31 : 170860452,7496239
28 : 171738555,1011746
11 : 174494752,1141056
34 : 178091586,95672116
4 : 178951728,50059623
30 : 179730604,5609145
10 : 182696404,12222055
12 : 183540606,76091325
24 : 190754713,82322365
11 : 191900672,97832024
33 : 192608477,4128362
27 : 194547713,8000601
30 : 194892712,72542226
4 : 196816540,50073695
25 : 199104356,57093078
12 : 199555644,94895303
28 : 203041195,1350961
34 : 209274048,5146673
10 : 209437202,499807
11 : 209568559,87998328
31 : 211467181,14694518
33 : 213287090,8974876
4 : 214577154,02419046
30 : 217725831,05274442
24 : 225336210,36981776
12 : 225723876,60964736
25 : 226290701,68912598
8 : 226476679,44753283
10 : 226698659,65886188
29 : 230561331,2771054
4 : 231870171,42655593
27 : 239793117,92538682
24 : 240509176,55182138
33 : 241385260,44317034
10 : 244829752,57790518
11 : 247349394,5780172
30 : 247717090,60567752
4 : 248257054,96577471
25 : 250036335,56530884
12 : 251328242,84451547
28 : 252796090,76221794
24 : 255975847,64858228
33 : 257757237,21578518
34 : 258966593,767798
8 : 260026223,58571097
10 : 260821099,00062093
4 : 263956990,03603917
30 : 266730078,96354136
11 : 267146201,0691598
34 : 276057653,23961735
27 : 276534156,5014823
12 : 277890741,15180004
24 : 285498074,5898734
8 : 285637400,3976718
33 : 287391399,1362897
4 : 287874806,3953507
34 : 293999610,03879887
30 : 296217249,67410934
28 : 297471754,51620585
29 : 297994381,66101253
10 : 301240135,40412974
25 : 301672755,47815925
24 : 301927841,0438568
4 : 303742090,7960279
33 : 304188503,6479165
11 : 308077959,7459195
8 : 308273879,0987949
34 : 309103921,70297676
30 : 313097834,3154546
27 : 314435558,70462567
28 : 315930695,99644727
24 : 318401615,9096208
12 : 328179464,9062529
34 : 328764685,8637271
30 : 330132560,9298156
10 : 330370001,30994856
33 : 330530736,89447504
27 : 336274606,0954226
29 : 337058171,5617436
31 : 337384328,0432321
4 : 342650964,11491805
8 : 345235301,03203666
34 : 347249082,3796299
10 : 347590874,2271116
33 : 347957975,02147615
30 : 348684926,7597221
24 : 364120229,451143
10 : 365800616,44959456
33 : 366538266,87277913
28 : 366874068,45206726
30 : 367698005,79676974
27 : 367899174,61068606
8 : 369807478,7182616
34 : 370915362,92323476
25 : 372355273,13270885
11 : 375288756,7542125
29 : 382617099,36400294
10 : 383425623,1882698
28 : 384950434,913625
34 : 388600709,39930004
24 : 389348516,90861523
27 : 390529356,08221155
31 : 394547792,4532219
33 : 397650759,876443
4 : 400509698,91472626
30 : 400722520,5018743
11 : 401258892,7907017
10 : 404683452,9133601
8 : 406036638,3139448
28 : 408178470,714247
12 : 408598777,0757114
34 : 412975788,7053747
24 : 424693244,89601624
25 : 426250072,33531505
10 : 426875648,68610007
29 : 427480035,2130705
33 : 427977221,0091694
28 : 428973633,03163224
11 : 429428146,94640505
4 : 431187844,4403419
31 : 431932882,11464334
12 : 433476720,4069117
30 : 436888679,9650218
27 : 450888866,3427679
25 : 451064095,3250712
24 : 453170651,4384363
10 : 453314448,21275496
28 : 453428968,99623626
8 : 454960254,5915589
12 : 455614321,2077351
31 : 456066704,66353285
34 : 465018583,4206964
29 : 465728867,49834657
10 : 468763462,28634536
8 : 469725217,9186624
11 : 469935417,6128772
33 : 475340758,6926179
25 : 480521014,81020707
29 : 481069143,5944975
30 : 481710891,0597251
4 : 482846913,7845316
12 : 483553672,63965684
11 : 489601000,9908913
24 : 490413251,0969106
31 : 496088091,98660445
33 : 496567693,2644861
4 : 499963278,57289624
24 : 502246985,0567283
10 : 502338006,7378971
28 : 508788309,3939489
25 : 509297757,50998706
27 : 509501291,63647056
29 : 509724115,66217065
12 : 511027377,21236527
24 : 515416502,16559
31 : 515956591,2290752
11 : 517832614,96507764
12 : 520926684,20589525
27 : 523293411,1101066
10 : 523727187,1914454
8 : 525418138,05786645
4 : 525803607,8342477
25 : 529218194,6742242
30 : 535886975,9754605
33 : 536179309,04376614
34 : 538275970,1892844
28 : 539927961,7974184
29 : 540321768,7960176
31 : 541345236,064523
10 : 542807621,3929995
11 : 545601091,0960822
4 : 548231344,9558703
24 : 552196503,8358992
12 : 560766517,4191813
27 : 563134237,6345791
30 : 565132289,8224761
31 : 567528931,977156
25 : 568199227,0344002
4 : 569556871,9472232
24 : 574812190,1832626
11 : 575299464,0940001
29 : 578936691,8095121
34 : 579447405,5473057
8 : 580721934,671869
33 : 581207967,0558347
10 : 584698245,7023921
12 : 585151525,4536673
4 : 589571711,8736962
30 : 590367689,5643961
28 : 597419128,1989921
27 : 598936731,5863882
33 : 600496176,6931701
25 : 601753089,5713538
24 : 602095608,2044712
31 : 604816430,9320064
12 : 606163490,608103
29 : 607996748,9873936
10 : 609819491,4854482
11 : 618684247,7153312
24 : 622878310,0284086
25 : 623354002,66268
27 : 623802813,5129414
4 : 625597256,8894018
28 : 630323808,2601736
29 : 632066830,5833237
33 : 633424760,863468
31 : 637154265,0533427
12 : 637525148,3496735
24 : 638112150,2961687
25 : 638938164,606045
11 : 639970650,2063186
10 : 642151145,0004095
4 : 643502383,824103
28 : 646649933,2398189
33 : 648204406,5631641
29 : 650213094,2084943
27 : 653357020,2629317
25 : 654010286,6026756
24 : 654394565,3203411
4 : 657593313,4407115
28 : 661970901,514416
25 : 664842845,1259923
29 : 666238113,7085162
4 : 667750735,1322176
27 : 668395705,9619907
24 : 668702167,8522093
29 : 672439533,4701188
4 : 673547686,8505396
29 : 675163826,3673875
