12 : 45594259,29111261
8 : 48367338,91391976
40 : 52369674,247892335
31 : 53043891,66809739
4 : 60580856,10702067
33 : 65447675,27354943
30 : 71721343,21425596
10 : 73827968,9472329
37 : 74863464,83096154
19 : 78032000,5250148
34 : 83617336,13464905
11 : 88038654,73385225
18 : 88816109,71775396
12 : 92266373,37915485
29 : 92593330,56969653
31 : 98870794,16968082
40 : 106588178,40870772
8 : 123178619,27044652
4 : 125950541,12348475
33 : 132907410,87593655
10 : 137920971,36269245
20 : 148316974,0114732
12 : 152672588,71460465
37 : 155309573,36238146
19 : 156997857,73853528
11 : 157116627,68696606
31 : 159212586,2529112
29 : 161652317,79240504
30 : 165490681,61523375
34 : 166875213,87461466
40 : 169188954,65633425
18 : 182801673,28456616
4 : 200444493,60420734
30 : 203064360,5788265
12 : 203517778,1198654
29 : 203995121,1590508
34 : 204999831,1798695
31 : 205178183,8242159
37 : 207102972,544572
33 : 211694436,89205053
10 : 225220043,66389507
11 : 226861213,9727612
40 : 234216062,7087452
8 : 243839673,04201958
31 : 244710384,10299018
4 : 246033669,11648902
37 : 250638695,7972907
30 : 253245171,0616799
12 : 254986811,58195922
29 : 256162895,18685877
18 : 258562543,77124038
33 : 259875668,6251124
34 : 267717052,41522315
20 : 271031443,2512641
19 : 278650977,46224207
11 : 300602399,6259501
29 : 303047563,43257564
30 : 303237056,98931223
37 : 306449844,2384356
12 : 312250013,2439155
33 : 312533344,2158614
40 : 313588932,93408126
19 : 318199143,56342673
31 : 322503972,05458176
4 : 330655897,0263562
20 : 331252989,41259485
34 : 345947690,47732484
8 : 347296980,4560474
10 : 347955244,88385147
40 : 349766874,5146077
30 : 350067103,0273758
33 : 362673458,5086152
12 : 367099513,4091219
37 : 368864334,86777896
18 : 378852440,94915134
29 : 383713075,7783014
31 : 384792773,88925195
11 : 387475853,1205555
20 : 396854724,4375124
19 : 398871178,8746848
40 : 399573503,3267755
12 : 401571502,39659166
10 : 405707396,8419523
37 : 407531587,6990204
33 : 409070833,57917476
34 : 412763083,31769717
4 : 427016921,415855
30 : 434980432,7004538
12 : 437963300,4881645
31 : 440639368,8880713
29 : 444111074,80003804
37 : 445970141,74113065
11 : 446339913,6584429
18 : 450234175,1639788
34 : 458017022,7117173
10 : 464602840,9164417
40 : 475824097,18951666
30 : 478807529,5593311
8 : 479376268,37139046
4 : 479750249,73713434
12 : 481902506,3651606
33 : 484588311,82217443
31 : 488523119,19334126
29 : 496855976,2900473
37 : 502070974,42752886
18 : 517164883,6058977
10 : 518292299,67144775
20 : 519807642,6501141
34 : 521426741,47187495
30 : 530998537,9046816
8 : 534255010,775776
31 : 539318366,3764365
4 : 540364333,6821587
11 : 560028541,8018576
12 : 572390047,9388795
33 : 572780553,9116857
37 : 573338548,7963061
29 : 574296894,5888075
18 : 581075204,0805979
10 : 581631658,8681532
34 : 583127806,1242094
30 : 597861523,8714136
4 : 600261246,9634881
31 : 603992752,9856926
8 : 609268605,6119034
11 : 613242193,9259433
37 : 616638782,3254057
40 : 626739184,0956748
20 : 629674344,702421
29 : 637089215,7405568
10 : 640924779,9810613
4 : 641765212,0142368
12 : 643282086,1995319
30 : 645749602,2191696
18 : 650045765,0436506
19 : 656320124,5152599
31 : 660196206,3226199
34 : 667087363,3180077
37 : 674851055,408268
10 : 685844222,6088324
29 : 687938912,4831822
12 : 690257362,2463394
30 : 700350416,2298099
33 : 710628848,7283025
11 : 714835323,2342969
40 : 721674606,5046991
18 : 724049531,2700465
31 : 725973440,265373
19 : 726333607,1924839
8 : 731019117,3332889
30 : 733834510,1999832
20 : 742784674,9828627
33 : 743886704,975527
4 : 753872619,7585409
31 : 759152474,3710386
12 : 759756501,457889
10 : 761338634,3107595
18 : 770342976,9870378
8 : 775079217,914079
11 : 778593818,1724248
20 : 780249278,5426028
40 : 785322805,8969256
36 : 786443072,4031212
30 : 790518612,484789
29 : 792990472,2734305
31 : 796531904,2547402
37 : 803077572,2929605
10 : 808505209,0095031
4 : 812898608,9556186
40 : 817383274,9741386
12 : 820718156,8115896
36 : 823614222,664066
34 : 828420577,1452837
29 : 833624873,918759
30 : 835156043,0969695
31 : 835968900,3681538
33 : 843661548,7509899
18 : 844502971,9283116
4 : 850093289,2841347
11 : 857017141,4313151
8 : 857635449,2108879
20 : 858984003,3700634
37 : 860842566,1594542
36 : 866366539,0865583
12 : 876686955,3147235
31 : 880086269,2230235
29 : 883506925,5301162
30 : 887410196,9134355
10 : 896005915,5860726
4 : 898568390,5325476
18 : 902765717,0156733
37 : 906695868,5268606
40 : 916297878,1086435
36 : 918993033,8503677
34 : 926401805,0940112
30 : 928282733,7057986
29 : 929894905,079155
4 : 938621665,9008566
31 : 941054254,3179934
37 : 947876453,8999437
10 : 966796612,3140023
12 : 968679116,0782927
36 : 986570986,6117675
29 : 987466362,8125978
30 : 988723064,5362543
33 : 989896645,1218067
31 : 995913630,9072804
8 : 996450690,8871605
40 : 999430279,5592219
10 : 1001435248,2402157
11 : 1002313332,0843582
4 : 1002881982,3602357
37 : 1007960910,893378
12 : 1010954317,8468659
34 : 1014769554,7339679
30 : 1018059990,2696539
29 : 1020043232,5217657
36 : 1023361266,8878762
18 : 1030866784,3213634
20 : 1057823520,024937
36 : 1059091612,2899818
4 : 1059308095,4050558
37 : 1061548693,4473392
12 : 1062795012,1005707
34 : 1064204282,8170682
31 : 1073872427,680576
8 : 1078379234,5606916
29 : 1082470840,9651022
30 : 1090015795,1641312
20 : 1090926367,564719
11 : 1093044397,0852373
36 : 1096418825,140483
33 : 1103422059,7962358
10 : 1110079814,3164623
40 : 1112954248,1869676
31 : 1116057818,5467098
4 : 1120166071,7147477
29 : 1123010321,0207255
18 : 1129255860,989642
37 : 1133605531,0482314
36 : 1135656263,2427533
12 : 1148117556,642902
31 : 1150214327,539133
34 : 1152782836,755415
33 : 1155046353,8002362
10 : 1156006940,5641441
29 : 1160543205,405737
8 : 1161832565,692802
37 : 1166839742,7649956
4 : 1169038231,019619
11 : 1176522094,7256951
40 : 1185627432,9519029
36 : 1186595996,0638213
30 : 1192277935,3144264
12 : 1196670526,262768
4 : 1207311929,884383
18 : 1214053010,0830839
10 : 1219193449,2809663
20 : 1226110348,7234375
29 : 1229895131,339733
36 : 1233808106,5362916
33 : 1236393871,2100203
12 : 1239293500,0104253
37 : 1240234719,5442977
40 : 1241030183,2984304
8 : 1242640128,085822
4 : 1246503042,171053
30 : 1249081923,4632173
10 : 1251537374,0238655
34 : 1255928270,2931607
31 : 1263354811,6615179
11 : 1265644314,9089775
18 : 1270418914,4544675
36 : 1276403346,471237
29 : 1278979024,5612252
12 : 1282304350,4831066
4 : 1291148587,1433566
30 : 1292402325,2691057
37 : 1304067829,2213368
33 : 1316016433,3170464
31 : 1317526572,4368975
10 : 1323300333,3617911
11 : 1327389111,7484317
34 : 1331301837,7955186
12 : 1338397010,9041183
20 : 1348959414,1684167
18 : 1351391014,2418768
36 : 1354805842,4963357
4 : 1366366161,2950315
30 : 1366943500,7525272
11 : 1368353348,7638576
37 : 1369322463,0216956
29 : 1372392748,0536385
12 : 1377681848,2457023
31 : 1379709863,031946
36 : 1383482384,5827172
34 : 1384509366,441435
8 : 1387302112,5214767
33 : 1388410138,1830802
40 : 1401099431,6926696
18 : 1409098690,8381774
10 : 1410077208,882879
20 : 1413623279,4496486
29 : 1415730632,3177722
31 : 1417621003,697245
11 : 1425684594,3882105
37 : 1428442186,8499248
36 : 1430629665,1718721
34 : 1432857306,2704923
30 : 1437296327,3956122
33 : 1451260493,1159065
31 : 1454621940,5493321
4 : 1459483397,001323
29 : 1464103051,0535986
8 : 1465662105,982933
10 : 1466830367,511067
36 : 1472949754,021324
40 : 1474379631,1457093
34 : 1477113858,5664914
12 : 1495282124,3556924
18 : 1498623854,6301222
37 : 1500375648,5137448
11 : 1504060169,6734211
20 : 1509145221,8759902
4 : 1510817910,706142
31 : 1513314194,510081
30 : 1521860209,5279772
40 : 1526160592,2581842
12 : 1529346748,6717465
8 : 1538067587,8281052
34 : 1547195204,4820237
36 : 1550840958,9909842
4 : 1552965491,8122687
29 : 1567857010,387042
10 : 1569554328,9973545
30 : 1575401571,275719
18 : 1576707875,8847408
33 : 1578093424,5846534
34 : 1581418053,459306
11 : 1582950984,643638
36 : 1584461869,1182837
4 : 1586641752,213526
37 : 1598475683,443586
29 : 1600621506,2768195
8 : 1604267763,5062776
31 : 1608739935,5826366
40 : 1613664498,3957365
18 : 1617171917,6422966
20 : 1618525268,2448876
10 : 1620695064,4733293
4 : 1631753945,2844832
37 : 1635058644,0128663
12 : 1647211943,038796
31 : 1652481071,4144979
33 : 1655284830,9662035
40 : 1658360728,245284
11 : 1661708679,982431
29 : 1671568540,887645
36 : 1674325160,0233693
37 : 1676641887,3725524
10 : 1677945853,5603693
8 : 1682155628,7066736
18 : 1685277339,5951293
31 : 1689311342,3125198
12 : 1690861598,583947
34 : 1698139214,0383842
4 : 1713690420,5967662
30 : 1715348069,0153658
36 : 1719529742,8459244
20 : 1723560808,1584973
11 : 1725368575,1959772
29 : 1729754932,9834523
12 : 1731583248,1585546
33 : 1740242127,6658309
31 : 1743738218,868531
37 : 1746356919,5281549
40 : 1756202647,4959228
10 : 1757147552,8814998
18 : 1759014141,1998627
29 : 1763098757,228646
8 : 1765051080,0690339
33 : 1767142066,4568174
30 : 1772118378,424538
31 : 1774179338,5340145
12 : 1784359223,9715474
36 : 1786601659,6931608
4 : 1800226023,4663944
11 : 1803710831,7122715
37 : 1807149492,282664
30 : 1809323648,1001585
20 : 1813194561,0299664
29 : 1814765083,5000248
33 : 1816184177,4654264
34 : 1817460602,6234436
18 : 1821585196,9123662
10 : 1827381289,8021154
40 : 1841205583,677267
31 : 1844563729,5644438
8 : 1848034426,2113242
11 : 1854868659,1380744
36 : 1856193030,5847073
34 : 1857407908,6385813
30 : 1857919342,9108484
37 : 1862754198,7212026
10 : 1867561185,0356507
33 : 1869785583,0374453
12 : 1878332483,2530384
18 : 1884967367,7910395
4 : 1892817871,909623
31 : 1894951278,2324452
36 : 1897395421,6068914
34 : 1901324296,7884405
10 : 1905507587,0673099
29 : 1917691662,3865993
20 : 1928299078,2468712
40 : 1930619409,7553477
30 : 1932483667,9472659
11 : 1938800823,8350723
37 : 1940195705,0011437
36 : 1943940045,4377544
10 : 1946063721,3833203
12 : 1950930242,8074455
18 : 1953393395,3970401
4 : 1955346901,9260619
31 : 1959059522,597734
30 : 1962972540,8056633
34 : 1964904927,1389444
8 : 1967337752,358932
29 : 1984412032,4451416
40 : 1989992256,5146258
10 : 1998617209,4023347
36 : 2000596457,0161636
12 : 2004015135,566886
33 : 2008113623,3335922
31 : 2011022162,5589619
18 : 2013846047,940594
30 : 2019083660,1053984
29 : 2021149251,1087084
4 : 2025186368,591984
11 : 2028192417,784964
8 : 2037717463,8737752
31 : 2040182814,9140115
34 : 2044737956,3159244
10 : 2048905426,25089
12 : 2050873866,5564048
20 : 2053266692,717752
37 : 2058250769,151587
36 : 2061217075,2760243
4 : 2066740840,6633103
33 : 2069184642,2802062
18 : 2083583077,95457
12 : 2086594784,6107333
34 : 2088547373,9833248
10 : 2090602041,212319
31 : 2103577353,8702452
30 : 2107420765,0956738
8 : 2109964340,3959265
40 : 2113768369,567549
11 : 2117195130,1943448
4 : 2119722591,2371275
20 : 2127566910,360895
34 : 2130604626,5654438
29 : 2132351985,7231848
36 : 2149020591,539501
30 : 2151278665,662404
18 : 2153657622,8565116
33 : 2155826714,7367883
10 : 2162905873,5423865
34 : 2166126642,4211116
31 : 2169092698,7364774
11 : 2170698134,4081907
8 : 2172629446,3210983
29 : 2174312373,609953
40 : 2181737066,9951696
20 : 2188284827,979613
36 : 2194870661,081294
37 : 2197773408,3655615
10 : 2199703072,764296
30 : 2213707662,071989
8 : 2220628434,9250298
31 : 2223617974,629634
29 : 2227580435,6652627
18 : 2234246952,249031
37 : 2236331103,555583
4 : 2239971957,8531265
12 : 2246782166,959952
30 : 2261276913,894022
20 : 2263068430,795049
11 : 2266172808,9901857
10 : 2271523190,687315
36 : 2279864792,0590277
18 : 2282157733,680678
37 : 2283933826,2613244
34 : 2289872101,7170315
31 : 2300337342,2629223
10 : 2302670600,0497775
29 : 2304653858,5242443
4 : 2306497212,964762
36 : 2311143129,0284386
33 : 2317287153,522551
37 : 2321578870,1082463
34 : 2324709980,781505
11 : 2328227639,0264735
30 : 2337821692,329942
40 : 2345788276,428682
36 : 2350217159,7786617
18 : 2353506096,4891033
8 : 2358296076,5231013
4 : 2360496321,7483664
31 : 2362393753,2321954
10 : 2366922756,1797404
29 : 2368560378,4393315
30 : 2372554607,523299
20 : 2382089027,267663
40 : 2384956413,29492
33 : 2386989919,28042
34 : 2389169722,326527
4 : 2393125153,969504
36 : 2394877976,4760118
11 : 2397771216,3388534
10 : 2403928039,4197507
8 : 2407923788,131654
12 : 2411864247,5866866
37 : 2418291130,8570857
18 : 2437679222,872113
29 : 2437856436,9693465
10 : 2443982146,5241165
30 : 2447588488,768308
12 : 2449578911,1308827
20 : 2451827964,629345
4 : 2455108862,4109693
11 : 2456815352,3242645
34 : 2458273100,9630976
31 : 2460842365,351618
33 : 2470089752,3929167
18 : 2472530970,3362055
36 : 2476618744,3338795
37 : 2478355272,881334
12 : 2480806511,0855885
29 : 2482658391,7895756
40 : 2484627829,793272
10 : 2486967130,659967
30 : 2496671824,317042
8 : 2498427306,530486
11 : 2499511564,771523
34 : 2500720694,674131
31 : 2502673444,6294045
20 : 2512688093,3556204
18 : 2513379319,9786296
29 : 2516271400,775739
10 : 2521420442,311926
11 : 2539097543,97855
30 : 2541374713,745387
37 : 2543271574,394172
34 : 2544322470,6969624
8 : 2545610833,50127
20 : 2548338058,209297
31 : 2549886885,8054333
18 : 2551458300,6443243
29 : 2551544814,6606894
10 : 2568183736,4520516
11 : 2573761429,939467
30 : 2575661364,33134
20 : 2584824178,1271343
18 : 2586833462,4932933
34 : 2587606480,0132666
29 : 2589523845,6593094
31 : 2591923305,089035
8 : 2597659206,1238165
10 : 2607620403,47148
11 : 2609233168,066294
30 : 2612013929,8067117
18 : 2620898231,7724705
34 : 2623920526,037483
20 : 2625628226,3250327
31 : 2627110306,4770603
29 : 2630134351,70966
10 : 2636207042,784276
11 : 2637756722,175373
30 : 2644200267,8777585
34 : 2654847256,875154
18 : 2655928695,457419
31 : 2660192094,711529
29 : 2661508821,2984123
20 : 2663038866,851178
11 : 2664668471,359117
10 : 2665660440,6082535
30 : 2668982432,699859
18 : 2675494005,96702
29 : 2680674872,2344594
20 : 2681402438,7050633
11 : 2681903786,5438237
10 : 2682562117,127453
30 : 2683515881,7029405
29 : 2691401630,9441814
11 : 2692228992,2827306
10 : 2694035250,339696
30 : 2694341028,498954
29 : 2699502847,09462
10 : 2700655287,8364854
