45 : 1861535,1502893358
44 : 2696553,407892453
45 : 3858199,224383605
44 : 4909225,859822046
45 : 6004909,611372019
44 : 7010996,314049217
45 : 8159207,016418219
44 : 8963798,799997322
45 : 10393179,491030227
44 : 11091907,601363637
45 : 12538819,932600714
44 : 13226084,825911116
45 : 14814849,211744167
44 : 15138637,163106024
45 : 16677939,653737277
44 : 17842579,753149554
45 : 18783901,072753906
44 : 19963029,226442777
45 : 20924911,913978383
44 : 22072290,05275375
45 : 23058885,735198036
44 : 24170800,90436798
45 : 25188588,88464634
44 : 26336764,954942185
45 : 27313858,54373344
44 : 28374603,654654726
45 : 29439137,827754833
44 : 30470037,093527667
45 : 31555182,599276025
44 : 32581400,348527484
45 : 33686371,6847703
43 : 34653595,827627294
45 : 35800532,26655417
43 : 36765643,6858529
45 : 37906583,46364751
43 : 38916022,31809107
45 : 40023454,45386329
43 : 41012653,19764354
45 : 42127050,06062722
43 : 43249525,270934775
45 : 44214431,016735
43 : 45356738,271904916
45 : 46348833,917229146
43 : 47332917,41096066
45 : 48454047,116297096
43 : 49488361,860183895
45 : 50548400,55855611
43 : 51586404,28058046
45 : 52649233,01557511
43 : 53687028,9415288
45 : 54733523,37511829
43 : 55857989,845838934
45 : 56842437,68314405
43 : 57868162,043943726
45 : 58946057,003455445
43 : 60071408,85515382
45 : 61030205,84102434
43 : 62558087,63265701
45 : 62803309,78189861
43 : 64623051,929917365
45 : 64920111,55883444
43 : 66715688,75556002
45 : 67004992,08729186
46 : 68778326,24143924
45 : 69122388,85033943
46 : 70936832,37729195
45 : 71098136,54512522
46 : 73050558,06247169
45 : 73199637,49304359
46 : 74915828,38330707
45 : 75471545,77974626
46 : 77005086,95021042
45 : 77559324,37141484
46 : 78951662,38374189
45 : 79743155,71104649
46 : 81004088,22849612
45 : 81828063,43477967
46 : 83036042,81801154
45 : 83938938,59686261
46 : 84894363,52710357
46 : 86397910,25974154
45 : 86576936,13392572
46 : 88373878,54304957
45 : 88740912,31005996
46 : 90539961,73799418
45 : 90727142,04057342
46 : 92596821,32862046
45 : 92818905,29390837
46 : 94469391,20145439
45 : 95000705,07858723
46 : 96406626,85906029
45 : 97218110,15152697
46 : 98350297,93843074
45 : 99414815,41471261
43 : 100282822,42636868
45 : 101480649,31545861
43 : 102367601,04238553
45 : 103551471,07195388
43 : 104419304,21993157
45 : 105622048,23059858
43 : 106473858,7628528
45 : 107667859,45256612
43 : 108654822,9779225
45 : 109694122,92916489
43 : 110707839,65329155
45 : 111772267,24240758
43 : 112796525,6742978
45 : 113803834,59152031
43 : 114925521,62676162
45 : 115863457,63342997
43 : 116967321,88339481
45 : 117925365,18739405
43 : 119020367,4338794
45 : 119997973,42984343
43 : 121012304,5530875
45 : 122062834,29621786
43 : 123134126,90131181
45 : 123909100,54501626
43 : 125258621,31566808
45 : 126106959,18882802
43 : 127336655,94424322
45 : 128146790,66150439
43 : 129387229,19000173
45 : 130200766,98616117
43 : 131419863,36327067
45 : 132255720,03722453
46 : 133455819,21237785
45 : 134305531,14908648
46 : 135505040,91607165
45 : 136348057,41773328
46 : 137554620,450241
45 : 138390326,77550775
46 : 139608768,91864443
45 : 140483405,3587778
46 : 141609967,48828232
45 : 142535780,20579067
46 : 143644392,96357837
45 : 144577453,0084506
46 : 145729724,019849
45 : 146596397,4089018
46 : 147936820,57796255
45 : 148486502,5358161
46 : 149957898,1896209
45 : 150589874,00919533
46 : 151964793,26933172
45 : 152637662,24184185
46 : 154087245,2851721
45 : 154639304,02949262
46 : 156001153,94098103
45 : 156760910,87943634
46 : 158039817,17762312
45 : 158795227,61693576
46 : 160061196,88936764
45 : 160827122,28318813
46 : 162175832,37757537
45 : 162876145,9504286
46 : 164211892,49211448
45 : 164834234,79711312
43 : 166514206,19543445
45 : 166633091,63216028
43 : 168534697,90089673
45 : 168678159,53638732
43 : 170576263,22623396
45 : 170695067,4027345
43 : 172422095,7668976
45 : 173005457,2226926
43 : 174285078,7168276
45 : 175008486,96988237
43 : 176524022,28241438
45 : 176943753,5229967
43 : 178361925,24375015
45 : 179141919,22173306
43 : 180384381,64919946
45 : 181184349,46381682
43 : 182402341,40509334
45 : 183221600,37809515
43 : 184443574,13138574
45 : 185160158,16386256
43 : 186715010,58939186
45 : 187018977,25644678
43 : 188548498,76166016
45 : 189172510,15505633
43 : 190944350,73909554
45 : 190950517,2060438
43 : 192919520,56233272
45 : 192993137,6016668
43 : 194947150,8072867
45 : 195015028,50126958
43 : 196951659,95369175
45 : 197050499,69680512
46 : 198786182,47231376
45 : 199198629,96837386
46 : 200689933,07644773
45 : 201399300,6944003
46 : 202747309,48449874
45 : 203390964,3538444
46 : 204805678,78500003
45 : 205377305,52055427
46 : 206825177,90180779
45 : 207392879,2982179
46 : 208758738,20265114
45 : 209503464,41842625
45 : 210941528,55181703
46 : 211649831,07295087
46 : 213088543,69091576
45 : 213230695,50159442
46 : 214765621,55406427
45 : 215606008,5426055
46 : 216933378,5254888
45 : 217492964,9727474
46 : 218953510,34129888
45 : 219509161,85920742
46 : 220959910,53041428
45 : 221532520,9133033
45 : 222858504,10288104
46 : 223786399,98075238
45 : 224830519,75677145
46 : 225726101,78524432
45 : 226877027,68014136
46 : 227797927,224837
45 : 228885455,94926584
46 : 229804042,31705615
45 : 230901908,14802372
43 : 231815442,88127843
45 : 232916440,8718786
43 : 233825333,70647746
45 : 234952970,3042006
43 : 235846120,9702745
45 : 236967608,3027108
43 : 237829023,01010054
43 : 239349541,4174661
45 : 239419221,1336738
43 : 241379999,33433503
45 : 241420801,3961867
43 : 243390321,8599457
45 : 243433922,25004256
43 : 245394690,2693715
45 : 245446723,41369832
45 : 247444361,27945936
43 : 247459217,97762537
45 : 249100194,49265903
43 : 249842630,20723724
45 : 251428667,6914481
43 : 251489236,4047591
45 : 253465536,16258657
43 : 253494992,5846944
45 : 255448899,7883355
43 : 255518116,42444974
45 : 257482309,84431434
43 : 257517548,0293033
45 : 259424052,68736917
43 : 259577323,5060984
45 : 261462833,13950872
43 : 261562418,76032287
45 : 263486602,31220537
46 : 263672393,7263245
45 : 265219886,49252677
46 : 265873603,35492778
45 : 267220726,44916248
46 : 267915988,66763985
45 : 269123997,48857206
46 : 270019837,2503695
45 : 271148017,2259075
46 : 272007360,2581203
45 : 273139346,2826452
46 : 274060457,1708821
45 : 275126492,98842865
46 : 276144118,1110638
45 : 277120734,74070984
46 : 278083780,9257619
45 : 279136339,7394335
46 : 280129987,0340864
45 : 281140343,82006675
46 : 282138508,67472976
45 : 283146717,9511228
46 : 284152063,3793384
45 : 285213627,27806073
46 : 286073591,71637255
45 : 287196679,08998233
46 : 288141709,90387326
45 : 289219761,9504232
46 : 290100014,9729038
45 : 291245393,6421185
46 : 292115354,6920514
45 : 293243340,6511545
46 : 294132791,93752116
45 : 295240929,91247636
44 : 296130205,74235475
45 : 297232404,6807332
44 : 298170780,66937965
45 : 299241576,46274453
44 : 300243844,9513059
45 : 301195058,93173224
44 : 302216331,4532102
45 : 303237160,10961235
44 : 304225403,6021368
45 : 305241037,7355578
44 : 306227871,97690934
45 : 307310755,23751277
44 : 308155604,3245835
45 : 309349439,05610996
44 : 310169168,78946054
45 : 311313275,48005635
44 : 312381735,7482304
45 : 313162839,5524242
44 : 314448189,5910062
45 : 315108637,4293773
44 : 316371581,06597096
45 : 317185127,5726614
44 : 318372229,06145704
45 : 319215112,5678761
44 : 320303767,44621587
45 : 321261153,4067802
44 : 322173002,220933
45 : 323502515,49313956
44 : 324113184,6233478
45 : 325457194,08158964
44 : 326096092,6697268
45 : 327377865,9448556
46 : 328282011,40674853
45 : 329356119,734792
46 : 330338250,73876923
45 : 331361823,42803204
46 : 332350324,26510084
45 : 333391379,48277676
46 : 334295241,9924337
45 : 335517907,67254746
46 : 336232332,9600277
45 : 337515607,96986693
46 : 338256189,31581557
45 : 339505627,26059127
46 : 340230453,6906431
45 : 341574269,0060151
46 : 342227307,83601093
45 : 343596930,3206977
46 : 344233551,4040913
45 : 345633725,85874265
46 : 346216973,62983143
45 : 347651263,6261154
46 : 348219682,09732723
45 : 349781152,0967052
46 : 350113683,2555048
46 : 351921844,32419914
45 : 352007264,37959963
46 : 353946348,4406098
45 : 354005509,87623185
46 : 356007814,29826427
45 : 356019221,77774864
45 : 358024130,43093705
46 : 358033249,6387059
45 : 359765611,71199703
44 : 360268597,2661498
45 : 361788319,332891
44 : 362289266,92468446
45 : 363826554,7165153
44 : 364264066,8263646
45 : 365837464,96174806
44 : 366294586,98965096
45 : 367976744,7379148
44 : 368173210,1002831
45 : 370071233,80326796
44 : 370124592,9389419
44 : 372007040,8064956
45 : 372211546,06854796
44 : 373849337,5730177
45 : 374435195,2711425
44 : 376036365,8443884
45 : 376251406,15896016
44 : 377991745,71537125
45 : 378404955,7337594
44 : 379881005,41206574
45 : 380507221,85030764
44 : 381880078,4769726
45 : 382619826,04619426
44 : 383854275,6704406
45 : 384659575,2662585
44 : 385832888,78541374
45 : 386608118,2012014
44 : 387866055,3969945
45 : 388754156,1535075
44 : 389851199,66016066
45 : 390820847,8220179
46 : 391849042,93413943
46 : 393333273,99245566
45 : 393403569,8414132
46 : 395340136,28046525
45 : 395441708,38455445
46 : 397283510,7640329
45 : 397551729,879154
46 : 399159046,69863653
45 : 399788359,2616394
46 : 401361137,1637166
45 : 401563928,5416323
46 : 403369500,18557775
45 : 403617458,0196722
46 : 405395313,8311504
45 : 405645980,82357424
46 : 407394085,9030213
45 : 407691540,78644073
46 : 409319786,83993876
45 : 409835619,7193269
46 : 411375632,3798618
45 : 411838414,5426596
46 : 413289750,13338906
45 : 414019983,83272266
46 : 415263138,92267513
45 : 416125626,48391545
46 : 417277783,0013421
45 : 418181217,0171461
46 : 419300491,7804156
45 : 420233359,9694049
46 : 421324676,18715304
45 : 422360518,16029364
43 : 423299809,5288812
45 : 424382482,9443971
43 : 425346379,08307236
45 : 426387305,40966237
43 : 427394012,8589885
45 : 428411742,1972017
43 : 429423586,44669694
45 : 430467228,28812015
43 : 431454270,74364567
45 : 432455974,77711475
43 : 433497546,18585116
45 : 434439223,6419543
43 : 435568214,72983205
45 : 436488933,17900884
43 : 437595975,93183136
45 : 438556683,9423901
43 : 439688100,22211677
45 : 440414127,547602
43 : 441750619,8680979
45 : 442406189,9565963
43 : 443862001,5006836
45 : 444403322,78870314
43 : 445871541,15137255
45 : 446497268,5114746
45 : 448153089,94037056
43 : 448244327,1862351
45 : 450040055,0767175
43 : 450464295,68701065
45 : 452271487,92783487
43 : 452310066,2432618
45 : 454234712,6078685
43 : 454377594,2667305
45 : 456177078,45459026
46 : 456523859,30220294
45 : 458186329,9882478
46 : 458603804,4109472
45 : 460098549,5520394
46 : 460770954,3347614
45 : 462137556,97007465
46 : 462821848,20725673
45 : 464044402,4793577
46 : 464862101,6081797
45 : 466313557,6271246
46 : 466831600,99534315
45 : 468343457,3322327
46 : 468876276,351075
45 : 470552244,29763955
46 : 470780693,8124732
45 : 472614192,30529594
46 : 472813236,5624766
45 : 474793546,4420561
46 : 474808476,9429034
46 : 476526603,6755993
45 : 477454096,5223178
46 : 478438336,3229862
45 : 479496066,04199517
46 : 480488408,85053754
45 : 481550229,8507632
46 : 482547210,50647193
45 : 483409496,7571533
46 : 484953851,93468153
45 : 485101776,65179646
46 : 487013550,4200073
45 : 487150709,06944203
45 : 489028870,1138992
44 : 489231125,4832699
45 : 491041288,2046531
44 : 491348932,37288344
45 : 493084228,33286405
44 : 493404189,5717121
45 : 495319920,4233125
44 : 495352745,38108534
45 : 497303549,2926365
44 : 497424261,98605365
44 : 499387595,42152184
45 : 499473083,881207
45 : 501493018,08031934
44 : 501534771,5916507
44 : 503582709,8223907
45 : 503597489,59371024
44 : 505541815,94439936
45 : 505703074,011283
44 : 507544694,7260391
45 : 507846560,637995
44 : 509579554,3588051
45 : 509956870,58981466
45 : 511790564,02004725
44 : 511858942,9021269
44 : 513831756,8409973
45 : 513933085,4620169
44 : 515876958,09908706
45 : 516064698,14812475
44 : 517822923,23030394
45 : 518265640,4987316
44 : 519886595,21603894
45 : 520465587,6254059
43 : 521818140,1874883
45 : 522573619,17968756
43 : 524214527,9651557
45 : 524284468,1545416
43 : 526324666,0936349
45 : 526359474,1821059
43 : 528307205,61357695
45 : 528480814,43112206
43 : 530212720,439517
45 : 530774959,0311705
43 : 532222882,0247966
45 : 532954159,3907188
45 : 534100524,77581435
43 : 535086694,4553398
45 : 536167245,8729232
43 : 537127678,2022426
45 : 538350663,5410372
43 : 539211270,4427687
45 : 540445722,285211
43 : 541254977,9533213
45 : 542557997,6314647
43 : 543319129,5152409
43 : 544859992,9255185
45 : 545270238,7474322
43 : 546862715,349475
45 : 547584673,5487378
43 : 548866253,9537565
45 : 549679909,5985472
43 : 550995277,0227604
45 : 551715380,4449468
43 : 553078849,024753
45 : 553824138,1644497
44 : 555141996,6199117
45 : 555971923,9709059
44 : 557220452,501857
45 : 558025317,219472
44 : 559393220,0452831
45 : 560002852,121635
44 : 561509032,1728277
45 : 562143218,1928741
44 : 563510897,9442163
45 : 564424028,5280141
44 : 565608624,9858891
45 : 566554075,7355577
44 : 567702556,8664953
45 : 568680122,8799242
44 : 569841172,3194
45 : 570687390,1940843
44 : 571935644,082885
45 : 572732826,9094721
44 : 574149511,0011549
45 : 574717978,7795773
44 : 576239641,9658492
45 : 576900222,3580182
44 : 578336482,232722
45 : 579038440,9770625
44 : 580673999,1044111
45 : 580820311,8337507
44 : 582610019,4927802
45 : 583274083,8583202
44 : 584652091,5157615
45 : 585448254,383323
44 : 586737517,4530352
45 : 587471033,2607204
43 : 588876027,3403295
45 : 589647078,9452074
43 : 591275428,1305155
45 : 591375327,9392074
45 : 593293647,033714
43 : 593586063,406582
45 : 595620818,2640103
43 : 595624016,7383213
43 : 597725475,6392641
45 : 597751233,9459513
43 : 599739355,7687241
45 : 599927311,4898623
43 : 601865735,585369
45 : 602070571,8350022
43 : 603996441,9784529
45 : 604197729,1882101
45 : 606257418,1588278
43 : 606279720,8523049
45 : 608391365,3969262
43 : 608416841,7441335
45 : 610416009,8613392
43 : 610600948,8580818
45 : 612540412,6363177
43 : 612733898,9897926
45 : 614694728,4051112
43 : 614863244,4864519
45 : 615708138,6831498
