12 : 14070237,464105919
4 : 14858951,73200174
8 : 14990693,352185402
12 : 27808129,76566334
8 : 29451282,918477666
4 : 32258135,673521418
12 : 41312650,18486846
8 : 44153828,927422896
4 : 46967096,92609378
8 : 57665859,375367545
18 : 57681971,03652745
4 : 64070059,37065663
8 : 71231397,20140211
18 : 74707639,58332044
4 : 80490037,3454674
8 : 85546669,80811445
18 : 88569790,4918875
4 : 94872190,1322292
8 : 100506032,42399614
18 : 102595614,86344843
4 : 110793714,18926616
8 : 114124843,07916619
11 : 118239540,57657616
12 : 126003187,20131509
8 : 128669795,00048353
11 : 133330313,82854716
12 : 138551901,6429574
8 : 143363507,6086658
11 : 148074162,63220385
12 : 153326886,1484254
8 : 158086993,2877483
11 : 161860391,59620717
12 : 167939782,46821132
8 : 172211557,98322004
11 : 176943020,98755318
12 : 184067187,02215993
8 : 185875173,99065557
11 : 192012234,10369155
12 : 198739002,5613177
8 : 200808255,51726046
11 : 205218543,2183773
12 : 214197098,76145247
8 : 215291910,19895265
11 : 218839409,80325946
12 : 227155140,18599358
8 : 229437595,08023173
18 : 239558274,10218906
10 : 240644057,15199098
8 : 241923850,9285638
18 : 252997774,8302329
10 : 253664392,01997375
8 : 257094961,53719994
18 : 267684935,3713767
10 : 268131347,6749492
8 : 271138485,0819521
18 : 281936564,5411053
10 : 282167279,293987
8 : 285325599,27759916
18 : 295362686,7140014
10 : 295791638,2585573
8 : 299676446,069098
18 : 309949522,55718374
10 : 310577634,4994364
8 : 313940372,72804636
18 : 323937953,01110876
10 : 324904945,6661741
8 : 328161150,4015821
18 : 336693747,721045
10 : 339542167,3278564
8 : 342862774,78967357
18 : 350373865,2737189
10 : 353913212,726489
8 : 356911043,5700625
18 : 366225907,38297063
10 : 369439348,27862656
8 : 369824620,7804695
18 : 378663099,65482676
10 : 383678190,932548
8 : 384571046,9413948
18 : 392312795,40943474
8 : 397782122,0307372
10 : 399095703,7798731
18 : 406810898,8493819
10 : 411976354,20249265
8 : 412491035,76529175
18 : 421284439,50170004
8 : 425940080,3788418
10 : 426172320,7207128
18 : 435664775,41915125
8 : 439611888,344306
10 : 440502631,45708454
18 : 450105967,827571
10 : 453022514,6368171
8 : 453800925,52869916
12 : 463961234,01805407
4 : 466436622,8398966
8 : 467603888,1387131
12 : 478284008,7301138
4 : 480567216,7040096
8 : 481439308,06144226
12 : 493001967,1716077
8 : 494350436,7013098
4 : 495422702,4032448
12 : 505974037,318344
8 : 508809362,20730156
4 : 509750506,7576622
12 : 518744489,49448854
8 : 522891136,6720449
4 : 523955376,52133816
12 : 530395624,03963697
8 : 537742618,5521468
4 : 538987375,72508
12 : 543451783,9323688
4 : 551399915,5826561
8 : 551583737,4351001
12 : 557002212,750581
4 : 563402723,5973068
8 : 566200656,9592698
12 : 572171884,7173537
4 : 577167264,879562
8 : 579480252,2696384
12 : 584739732,0033891
4 : 590944865,520926
8 : 593707606,6171228
12 : 598008832,7088495
8 : 606764168,8710303
4 : 606940222,652725
12 : 610956856,0375042
4 : 618253151,5529397
8 : 621450017,5162947
12 : 623762855,068434
4 : 631287483,0773427
8 : 635514331,2780899
12 : 636743840,7103002
4 : 645839127,7645772
8 : 648545762,9317689
12 : 651611345,8605341
4 : 657914767,8575405
8 : 661334040,2259935
12 : 666034741,2053773
4 : 671106725,2867588
8 : 674995591,2864418
10 : 680113093,2064751
12 : 683577482,396525
8 : 689156882,9142512
10 : 691625247,5850523
12 : 697654895,5178066
8 : 703172967,448882
10 : 704314975,4391208
12 : 712127060,4694692
8 : 716201768,366749
10 : 718578928,8863325
12 : 726204587,2380936
8 : 728970153,3099433
10 : 732814847,0654162
12 : 739765878,0480183
8 : 743336345,7764703
10 : 745028433,1651752
12 : 754279445,1160831
8 : 756516783,6547449
10 : 757514701,9116004
12 : 768921600,5456207
10 : 769223837,3631
8 : 770466939,8201411
12 : 781611056,1793201
10 : 781895114,9497912
8 : 784315820,6673608
12 : 795292889,751344
10 : 795493979,579503
8 : 797687776,5045398
12 : 808889049,6119245
10 : 809091642,5099486
8 : 810675335,5769551
12 : 819994900,1985396
10 : 822585815,8161145
8 : 824255393,6185256
12 : 832087994,5028083
10 : 836352916,2123556
8 : 837421556,7789581
12 : 845980189,3044355
10 : 848703314,9342371
8 : 850892766,9314028
12 : 856939423,0010215
10 : 862105718,0404423
8 : 864425447,2147167
12 : 871374648,2369363
8 : 876401307,4341052
10 : 876568170,1395432
12 : 882577269,5964586
4 : 889207132,4068571
8 : 890153077,1164834
18 : 897227782,6458145
4 : 901901927,9208381
8 : 903526180,430454
18 : 910331865,5294555
4 : 914349677,1372662
8 : 916408856,1457618
18 : 925495367,6432829
4 : 926827909,733799
8 : 930029995,7434162
18 : 937778124,3783128
4 : 940006953,7639982
8 : 943119834,0637672
18 : 951174874,4265645
4 : 953113842,3997064
8 : 956464097,2413253
18 : 965569588,6702635
4 : 966257821,8105457
8 : 968693077,9618506
4 : 978109509,7033266
18 : 980489307,4185152
8 : 981643443,2807406
4 : 990365705,3371173
18 : 992982258,7966962
8 : 995688820,6290724
4 : 1003535514,7278386
18 : 1007370158,1358927
8 : 1008210360,1296936
4 : 1015037860,3265518
18 : 1021172486,4304708
8 : 1021997742,9786357
4 : 1028004090,4066305
18 : 1034317244,3334014
8 : 1034945241,7879176
4 : 1040368604,5398769
18 : 1048006848,7174429
8 : 1049469860,3287076
4 : 1051490207,6361135
18 : 1061726492,4889709
8 : 1062200388,3100263
4 : 1064424633,2300789
18 : 1073560041,3640313
8 : 1074946031,0648022
4 : 1077638621,469004
18 : 1085491355,2701643
8 : 1088988053,4339192
12 : 1089293771,0239396
18 : 1099031491,943943
12 : 1102018181,2130458
8 : 1102126452,5956867
4 : 1109215441,176864
12 : 1114644846,681422
8 : 1115134333,6515672
4 : 1121963468,2421238
8 : 1127229999,443174
12 : 1128133899,7366405
4 : 1136940263,7831144
8 : 1139906023,1515121
12 : 1140752173,4562082
4 : 1150382029,5394442
8 : 1151758497,289268
12 : 1154520835,1984398
4 : 1162440026,899946
8 : 1164643786,0319967
12 : 1166892152,9093046
4 : 1176478491,3664744
8 : 1177905493,661527
12 : 1179016996,608775
4 : 1188516912,9176538
8 : 1191037852,2121508
12 : 1191449360,12388
4 : 1200727025,21915
8 : 1203866147,3386965
12 : 1204135106,2103286
4 : 1213622302,34532
8 : 1216130871,6415868
12 : 1217171890,5981905
4 : 1227511056,0922763
8 : 1227961269,5592916
12 : 1231321562,7612698
8 : 1238503181,6217036
4 : 1242216721,5633316
12 : 1244857503,7784157
8 : 1250443345,7971308
4 : 1254777388,9193547
12 : 1257766880,0131946
8 : 1263210402,9490995
4 : 1268511768,3200684
12 : 1270222722,935711
8 : 1277257565,4238238
12 : 1281486144,9962044
4 : 1282092134,529283
8 : 1289382120,0488904
4 : 1294641964,5061717
10 : 1294927012,8649583
8 : 1301527695,5715282
4 : 1307268685,5489857
10 : 1308333994,526923
8 : 1312761259,8715682
12 : 1320404213,7041817
10 : 1321880836,4514349
8 : 1325260293,4944384
10 : 1333462821,0996265
12 : 1333628537,6150217
8 : 1338929397,5468976
10 : 1345236080,0328808
12 : 1346479412,0180452
8 : 1352140501,3819122
10 : 1357542948,3061662
12 : 1358478917,2517157
8 : 1365634577,5272193
10 : 1368845844,5291924
12 : 1371917270,6412861
8 : 1378350915,3661535
10 : 1381261986,8530087
12 : 1383592526,0190032
8 : 1390148487,255158
10 : 1394940917,9661007
12 : 1397283082,0804572
8 : 1402720580,6249292
10 : 1408088697,2618423
12 : 1408309020,6785498
8 : 1416385705,2716992
10 : 1419354690,9898634
12 : 1419717417,541807
8 : 1429317794,5158136
10 : 1431503186,2303362
12 : 1433064081,2112002
8 : 1442233479,2284293
10 : 1443449212,483817
12 : 1446049372,4105892
10 : 1455418520,8278692
8 : 1456177187,2618105
12 : 1456864375,140499
10 : 1468112290,0334527
12 : 1468961894,2080908
8 : 1469229427,9942894
12 : 1479942756,2734663
10 : 1480651028,2317517
8 : 1482197812,8427403
4 : 1492242755,3775845
12 : 1493061221,5622773
8 : 1495932034,3246903
4 : 1505500032,5852706
12 : 1506137571,9788873
8 : 1507792293,779159
4 : 1518509223,9837492
10 : 1519307133,6869714
8 : 1519937975,0664318
4 : 1530542385,1309013
10 : 1531796631,3256004
8 : 1533685270,219888
4 : 1542714365,943821
10 : 1545241300,11222
8 : 1546665008,141386
4 : 1555705753,5690372
8 : 1558830790,586899
10 : 1559767966,683783
4 : 1568356605,3827753
8 : 1571356306,182179
10 : 1572654142,9237883
4 : 1581219098,4985735
10 : 1584131896,6987154
8 : 1584504320,4712124
4 : 1593893032,0367677
8 : 1596926321,1863296
10 : 1597733911,3969562
4 : 1606427198,1820552
8 : 1609970919,2708473
10 : 1610822692,6998816
4 : 1619410468,3419323
10 : 1620531947,8155205
8 : 1623242228,08287
4 : 1631339401,8336372
10 : 1633987888,435732
8 : 1637200350,3603446
4 : 1643960506,6401348
10 : 1646716323,650759
8 : 1650291426,4944148
4 : 1656779296,6562312
10 : 1659434666,3592834
8 : 1663145596,2625563
4 : 1670533439,9073749
10 : 1671802022,590666
8 : 1675599962,3134255
4 : 1682975513,902847
10 : 1685079867,0773704
8 : 1688635708,0025434
19 : 1696150440,6892645
10 : 1698226237,8177018
8 : 1701170483,3811293
19 : 1708436246,1100159
10 : 1710978006,6156569
8 : 1714301982,6455312
19 : 1723303340,6451473
8 : 1724967428,3399596
4 : 1725337937,0705743
19 : 1736204846,9779458
8 : 1737932328,344254
4 : 1738408179,071406
19 : 1749909965,1575418
8 : 1750044890,9847116
4 : 1751319201,2126665
19 : 1760996327,8870802
8 : 1765099563,9124455
4 : 1766745386,113697
19 : 1773123057,97645
8 : 1779580770,6998587
4 : 1779953000,7334876
19 : 1785963085,4251723
4 : 1791882908,3820548
8 : 1793077180,3896875
19 : 1799824357,7862792
8 : 1803962184,2461877
4 : 1805137357,639873
19 : 1812822420,3307147
4 : 1817626776,6177564
8 : 1818273044,1760416
19 : 1825108061,6876426
8 : 1831497628,8414721
4 : 1832421424,975916
19 : 1839021242,9482212
4 : 1843770013,8661132
8 : 1845381866,266086
19 : 1851842607,5791645
4 : 1857492040,0203142
8 : 1857789372,8264198
19 : 1866126044,5900993
8 : 1869821741,5319743
4 : 1871039671,2917728
19 : 1878944484,8128114
8 : 1884084715,940649
4 : 1884421888,8779755
19 : 1891806659,0435839
8 : 1897174525,2934556
4 : 1897524633,9935875
12 : 1905341342,802343
8 : 1910837137,7240844
4 : 1911796202,7162905
12 : 1918674284,4017034
8 : 1923651750,255054
4 : 1926473066,1408772
12 : 1931400595,4554224
8 : 1938266027,2026715
19 : 1939064229,0738869
12 : 1943295204,5361238
8 : 1953073986,0029826
19 : 1953800791,3843608
12 : 1956223074,055151
8 : 1964680837,4791188
19 : 1965613002,5464272
12 : 1971247696,6732197
8 : 1976825393,4086113
19 : 1979604381,112246
12 : 1985037903,2552953
8 : 1990366957,8032527
19 : 1992284614,4211817
12 : 1998630260,0998974
19 : 2004356136,3618293
8 : 2004697859,7939277
12 : 2011624828,0639715
19 : 2016604833,616139
8 : 2019848415,934504
12 : 2024523929,3321939
19 : 2030437106,0600133
8 : 2033852541,2768607
12 : 2037656788,2207565
19 : 2042459197,902052
8 : 2047633395,5057893
12 : 2051053238,593555
19 : 2056828185,991304
8 : 2061659417,0214362
12 : 2064571303,0282726
19 : 2070061783,7598696
12 : 2077031645,1891131
8 : 2077429347,7615623
19 : 2083703641,904426
12 : 2090011452,4439716
8 : 2092359794,8818116
19 : 2097004973,7776165
12 : 2102348953,038724
8 : 2108095871,7205315
19 : 2112408302,9347987
10 : 2115529776,4632115
8 : 2121840136,7845497
19 : 2125739215,7628384
10 : 2129078376,0900779
8 : 2135652136,9288597
19 : 2139602959,4755826
10 : 2143407522,24552
8 : 2149993133,910536
12 : 2150859499,021119
10 : 2157114505,8930283
12 : 2163040095,782363
8 : 2163798862,7604103
10 : 2171506479,021798
12 : 2174295189,9713607
8 : 2178274820,6100235
10 : 2185587309,905829
12 : 2188252619,294158
8 : 2191928227,0461106
12 : 2198306264,24097
10 : 2200033045,923589
8 : 2203155329,470217
12 : 2209188184,6842513
8 : 2216593376,9782906
10 : 2216809447,7366023
12 : 2222654600,944619
8 : 2229275256,090563
10 : 2231513617,3742466
12 : 2237485910,217835
8 : 2243726014,512583
10 : 2244332165,3940334
12 : 2251490622,1841173
8 : 2258398910,7973275
10 : 2258517568,7247863
12 : 2264762573,4675827
8 : 2271063123,799824
10 : 2273001034,387446
12 : 2278404261,044008
10 : 2285444671,4640083
8 : 2287670285,937351
12 : 2293895276,816685
10 : 2299979872,792028
8 : 2300612357,011792
12 : 2306979809,129261
10 : 2313285086,536379
8 : 2315948802,4642878
12 : 2322728614,6900215
8 : 2328444879,6526866
10 : 2328730560,633033
12 : 2335215219,774551
8 : 2342666784,9883018
4 : 2342872105,544815
12 : 2348242286,929384
4 : 2357018528,025295
8 : 2357286065,5356226
10 : 2363306202,2674246
4 : 2370143090,0332484
8 : 2373632316,502645
10 : 2377204526,85283
4 : 2383518061,007757
8 : 2389032156,440205
10 : 2393087161,0088973
4 : 2397351505,495575
8 : 2402945280,5347495
10 : 2407772073,3185606
4 : 2411852247,7591357
8 : 2416204433,7769356
10 : 2424134669,8534966
4 : 2426798747,1182423
8 : 2427888737,6472096
4 : 2439742051,6662035
10 : 2440413809,740471
8 : 2444086937,137736
10 : 2453626202,479216
4 : 2454662189,140152
8 : 2457697422,5652304
10 : 2467598104,279959
8 : 2469399495,5243397
4 : 2470249904,0363717
10 : 2480700132,088862
8 : 2484400257,8037634
4 : 2485098102,0708275
10 : 2494536605,9849925
8 : 2498351762,37569
4 : 2498919494,103163
8 : 2512666912,6397915
10 : 2513067954,5189314
4 : 2513272384,955336
8 : 2523552840,8832135
10 : 2527881495,6577506
4 : 2528593581,974678
8 : 2540261321,113363
4 : 2541983269,180417
10 : 2542828121,187572
8 : 2555712310,206398
4 : 2556066297,9665356
10 : 2557832223,1403675
8 : 2570255382,178624
18 : 2570817488,100789
10 : 2571503001,403525
8 : 2582309247,376322
18 : 2585891844,6891747
10 : 2586900350,558305
8 : 2596945356,962563
18 : 2600828651,387727
19 : 2601127609,178029
8 : 2613505761,40958
18 : 2614157250,286479
19 : 2617215874,843089
8 : 2627823148,0555215
18 : 2628715562,051622
19 : 2632535946,7398105
18 : 2642747455,6483474
8 : 2643128045,169308
19 : 2647634939,3494697
8 : 2656602663,334893
18 : 2658518142,3765893
19 : 2661252435,335687
8 : 2672850006,998154
18 : 2673116099,0099583
19 : 2675298503,5852237
19 : 2686828999,1106777
8 : 2688195911,7019277
18 : 2688792225,3834867
19 : 2693952008,899021
8 : 2694912869,548796
19 : 2700078997,4674506
8 : 2700655287,8366027
