9 : 5283660,025819361
13 : 6360737,518930864
8 : 6958734,510286372
11 : 7148210,2043498885
9 : 9994939,115308564
13 : 12603713,73048538
8 : 13443889,926843863
11 : 15073758,613296095
9 : 16474354,355525263
13 : 19199048,210518975
8 : 20177023,611356758
11 : 21896331,09786712
9 : 23317947,426071487
13 : 25583016,8860891
8 : 27706041,10535875
11 : 27774782,209617063
13 : 30958497,598711453
9 : 30991549,7189039
11 : 34307843,19633085
8 : 34821248,173431724
13 : 37490444,47772457
9 : 37634545,14225863
11 : 41075421,28202242
8 : 41487994,74945624
9 : 43459534,659482
13 : 44679313,26189414
11 : 46836164,66461308
8 : 48465314,26317155
9 : 50637758,58171038
13 : 52617763,73573877
11 : 52682602,3329671
8 : 54340678,17657243
9 : 57319205,50998524
11 : 57575651,61933595
8 : 59715220,7878467
13 : 63011125,37348293
9 : 63145989,94345997
11 : 64241192,16194175
8 : 66106847,60242456
13 : 69845112,9813708
11 : 69869631,95094426
9 : 70737143,66783294
8 : 72717682,3201292
11 : 76594414,59026669
13 : 76659502,71754211
9 : 78603813,83065501
8 : 79031308,40188204
9 : 83879697,82325794
13 : 84404233,76930283
11 : 84556423,92606111
8 : 84603808,12951763
9 : 88819283,11225514
11 : 89351076,76908235
13 : 91106349,54175934
8 : 91849636,85794057
9 : 94515196,86875492
11 : 95808808,22577977
13 : 97585701,3865356
8 : 98813943,37710509
11 : 101296411,19938853
9 : 102647423,56096646
8 : 104914890,13960674
13 : 104941472,8125695
11 : 107837776,98512614
8 : 110856274,20641997
13 : 111058067,20913216
11 : 113669203,24911505
9 : 114839697,94338012
11 : 117853334,05815122
8 : 118019694,78745589
13 : 118450354,32644752
9 : 119167107,69099253
11 : 123542161,24945432
8 : 124718200,70652133
9 : 124768786,06298459
13 : 125332030,76497024
8 : 130500111,52629292
9 : 130798726,32933515
13 : 132778660,93585926
11 : 134211822,17278638
8 : 135568117,99876353
9 : 136043803,12378544
13 : 138844220,80962685
9 : 140655825,26459822
11 : 140704056,27954203
8 : 143712925,16801602
13 : 144844695,16712233
9 : 146988838,96311277
11 : 147350391,61182353
8 : 150215978,8054387
13 : 150974498,70660874
11 : 152977583,81305805
8 : 156037909,64245242
9 : 156852390,01802891
13 : 157651229,9223333
11 : 158868711,58696574
8 : 162854090,63349342
13 : 163364286,70847732
11 : 165072834,99130833
9 : 165164457,12586045
8 : 168747660,34831846
13 : 171169374,17983484
9 : 171477549,03451365
11 : 171664408,32670894
8 : 174884491,4631487
13 : 177607262,23021203
11 : 177890276,5530654
9 : 178004691,83773255
8 : 181700910,26472163
9 : 183243783,79932678
13 : 183505421,86702982
11 : 186549767,33169866
8 : 187971315,88216838
9 : 190083358,0087681
13 : 190176259,21490428
11 : 194006236,12378973
8 : 194191726,51160413
9 : 196494133,87626
13 : 196549696,84624982
8 : 199771918,75039256
11 : 200256089,17788577
13 : 204187343,1520928
9 : 204562253,12037483
8 : 205443580,35812202
11 : 207615354,4324194
13 : 210272491,9665101
16 : 210693523,08576596
8 : 212128682,85471147
11 : 214841946,7354513
17 : 216619727,0086496
8 : 218335394,14936852
16 : 218679368,82906383
11 : 220314940,85756224
17 : 221756011,11986762
16 : 224740646,6747029
11 : 225499202,37215334
8 : 226886902,0247355
17 : 228557311,17382476
16 : 230186769,38083336
11 : 231497851,70721835
8 : 233863247,50194275
17 : 235077453,02013907
16 : 236030008,41667676
11 : 238776814,7485503
8 : 240245558,00252602
17 : 241486786,00748226
16 : 242591534,56401414
11 : 245284986,9206288
8 : 246749208,88323382
17 : 248193537,37322053
16 : 249054118,67503473
11 : 252340540,59598985
8 : 253295181,03536388
17 : 254484425,9269537
16 : 255560154,37784937
8 : 260331490,7087637
17 : 260461075,5816789
11 : 260512290,2645394
16 : 261706787,54818353
8 : 266468876,494001
17 : 266702423,53986064
11 : 267452964,21819046
16 : 270471125,7754781
8 : 272835942,4818412
17 : 272934848,13511974
16 : 275950116,9146203
11 : 276524151,93899196
17 : 279125879,45354617
8 : 279912781,6287684
16 : 282191359,60916144
11 : 284077924,4120343
17 : 285866174,8243705
8 : 286429287,99744767
16 : 288966635,2048922
11 : 289915896,9272163
17 : 292358260,0361818
8 : 292828226,4517854
16 : 295652021,1232808
11 : 296312903,33010125
17 : 298237905,35961175
8 : 301033285,94054824
16 : 301940131,94545805
11 : 302045587,79058284
8 : 306291466,9246748
17 : 306672127,3507405
16 : 306754226,987765
11 : 307342096,7212025
17 : 312364140,1099762
8 : 313602861,7742265
11 : 314429011,1514518
16 : 314522482,11841273
16 : 319471080,447752
11 : 319675204,833027
8 : 319778729,10686606
17 : 320113033,98155355
17 : 325578699,7224802
11 : 326286904,560443
8 : 326489130,6628595
16 : 328615852,62656194
17 : 331891376,50511044
11 : 332486124,2924885
8 : 333838968,62310255
16 : 335376528,9072787
11 : 338181071,05240065
17 : 338504615,3699256
16 : 341957537,78096855
17 : 343280260,81512153
11 : 344730713,6655966
8 : 346461624,51547396
17 : 348096245,4658434
11 : 350149923,6156524
16 : 350222747,11582184
17 : 353203997,97727436
8 : 355439809,8213076
16 : 356097775,6972112
11 : 356256805,2648815
17 : 360800801,1254652
8 : 361260133,25612116
16 : 361580258,43447137
8 : 363088096,5322711
