4 : 9306429,938854914
8 : 9432229,466866827
12 : 9926305,905936617
24 : 10660692,286020184
25 : 18483892,87542708
12 : 20326693,338185158
8 : 21638371,496997546
24 : 21691036,505348556
4 : 22269931,24414465
25 : 28241273,953008376
8 : 31875085,965238377
12 : 33070078,912681542
24 : 35078585,15871777
4 : 38566072,44057231
25 : 41262213,86901441
8 : 42021129,48742686
12 : 44273801,05665529
24 : 46493664,98130576
4 : 52075275,16588871
25 : 52571728,47206518
8 : 54293107,416213185
12 : 54627021,68576643
24 : 55580808,902086765
4 : 62424112,352784455
25 : 64417690,138693124
24 : 65097105,94609767
12 : 66114669,34241198
8 : 66511917,30605169
4 : 74944157,31224036
12 : 76569031,24368918
8 : 76995153,48336254
24 : 77218506,1437828
25 : 77513621,38329814
4 : 86662982,98438317
25 : 87090793,32185087
12 : 88476854,5451639
24 : 88808265,78085887
8 : 89135628,98584428
4 : 97478949,64226818
25 : 98439870,32289067
12 : 98617879,8255322
24 : 99118815,62194178
8 : 101767977,2502504
4 : 108287525,61068884
24 : 109116016,95557582
12 : 110532583,67744294
8 : 111671544,10763377
25 : 112041889,7065739
4 : 120707139,6162988
24 : 121441808,52211922
12 : 122083680,97078174
8 : 122794065,73480755
25 : 123050548,39472246
24 : 130133925,71900058
12 : 131407806,46321839
8 : 133047921,38337615
25 : 137016941,06140563
4 : 137455917,76324293
24 : 141610289,5394383
12 : 143196962,99789026
8 : 143963630,61630026
4 : 146661177,61799625
25 : 148760551,627089
24 : 152372354,07427007
12 : 153944127,24972463
8 : 155466271,31515977
4 : 156099031,53682622
25 : 159148262,7880569
24 : 163847562,88704732
12 : 167017831,58609384
8 : 167074013,58349478
4 : 167106228,19088942
25 : 169862351,2277417
24 : 174339578,70629257
27 : 178523766,4803392
8 : 178683358,67451206
4 : 179304500,77866817
25 : 180702745,71671963
24 : 184259033,4687651
27 : 187910880,03547516
25 : 188280401,62630212
4 : 188979003,13845402
8 : 193616951,74999642
24 : 198255477,06494665
27 : 198549214,59685868
25 : 198736479,62515593
4 : 200123945,39424562
8 : 203814940,2609591
27 : 208312529,49124914
25 : 209732673,9497733
4 : 211680091,11425784
24 : 214794253,2196078
8 : 215814689,95275983
27 : 219534455,58186555
25 : 220296225,48888624
4 : 221331802,17341524
24 : 224285245,4440079
8 : 226749055,9940564
25 : 230847980,44289452
4 : 232484873,14862177
27 : 232656130,99432966
24 : 234801380,41663596
8 : 238654158,54886696
25 : 240765718,39854136
27 : 242905560,93942097
4 : 244666285,79164973
24 : 246925982,1547645
8 : 250716743,0266851
25 : 251044778,61670563
27 : 254095156,7777811
4 : 254912319,3661541
24 : 257511523,78222245
25 : 261453665,57690853
8 : 262255316,2782974
4 : 266291693,31150338
27 : 266475595,11075988
24 : 269523903,6508194
25 : 271539670,1155664
8 : 273912512,9459323
27 : 277444892,46653974
4 : 278107479,82126796
24 : 280764089,09305423
25 : 282430126,0982833
8 : 284674770,86253697
4 : 288325744,26772857
27 : 288500711,6364203
24 : 291896203,23916936
25 : 293879930,2805679
8 : 295562481,33443785
4 : 297922410,85858923
27 : 299582736,3164794
24 : 303544492,01471406
25 : 304397175,95900536
8 : 307018410,7805392
4 : 308242469,04144824
27 : 309722527,86654705
24 : 314722441,7879868
25 : 314887761,03525317
4 : 317508476,25918686
8 : 319148173,4958136
27 : 321139495,2621875
24 : 325669924,4969585
25 : 325810051,8807824
4 : 326658360,0680233
8 : 330748700,87693197
27 : 332929482,331425
25 : 335714037,3258935
24 : 335844982,79627794
4 : 338398129,1726518
8 : 341690900,8080389
27 : 343819622,1853158
24 : 345344018,4610503
25 : 347628556,1481058
4 : 348542326,4588088
8 : 352596399,3252478
12 : 354673014,217245
27 : 356018945,7204343
28 : 359589207,9588725
4 : 359803619,620637
8 : 363420850,2127408
12 : 366071441,7552365
27 : 367216709,9560558
28 : 370952650,82652295
4 : 371359014,6596827
8 : 374075396,4175918
12 : 376917466,3526137
27 : 378109343,0168918
4 : 382181826,5201554
28 : 382477750,7742464
8 : 385091754,0970467
27 : 388203307,7066547
12 : 389038756,87812316
28 : 393561646,061563
4 : 395575977,6573532
8 : 395719595,7801987
12 : 399362017,73021406
27 : 401069394,40436625
28 : 403653756,78067535
4 : 404857206,4847293
8 : 407041325,38593405
12 : 410084391,76855266
27 : 412035710,004528
28 : 414556176,44806445
4 : 415392007,795443
8 : 417977507,382764
12 : 421412807,96362936
27 : 422896326,85774773
28 : 426121166,01427174
4 : 426358401,0069847
8 : 429451285,3155639
12 : 432830349,111868
27 : 433576581,3950641
4 : 436667312,50646293
28 : 437022158,69637156
8 : 441063849,1520641
12 : 443982324,419992
27 : 445277567,44508743
28 : 446919392,41837597
4 : 452108757,64115334
8 : 453533761,7414384
12 : 453805675,241118
28 : 455445552,022759
27 : 460474436,62176234
4 : 463058667,8655985
8 : 465217028,1502623
28 : 465282074,0227934
12 : 467035944,5072326
27 : 471313918,7006979
4 : 475296026,9141514
8 : 476543373,8138474
12 : 476663406,09995246
28 : 476808490,7636352
27 : 482628876,2637269
12 : 486135152,0273845
8 : 487391153,0180488
4 : 487578816,57164955
28 : 488366200,3437328
27 : 494865605,4977822
12 : 497302877,30292773
4 : 498704358,28461796
8 : 499127734,48161817
28 : 499330449,7543364
27 : 504134029,51562333
12 : 508760776,30056506
4 : 510166101,29631865
28 : 511408413,46536833
8 : 511514510,09099317
27 : 513185117,80585176
12 : 521446030,9384352
4 : 521717539,0315234
8 : 522670212,7106341
28 : 522929087,1426524
27 : 523317173,4321755
11 : 531947276,26413864
4 : 532172651,78158283
24 : 532746277,37665063
8 : 533740684,20512664
25 : 535937500,46107876
11 : 543483925,651969
4 : 543705544,0544536
8 : 543995980,8157631
24 : 544640017,0474881
25 : 547936279,6606554
24 : 553984618,9308907
4 : 555811785,840622
11 : 556045480,4292886
8 : 556333515,946013
25 : 558258513,6759123
24 : 563340865,8270797
11 : 564307984,1241076
4 : 564543510,2367948
8 : 567598094,6993415
25 : 571464821,1399709
24 : 575422134,5225848
4 : 576430319,5987854
8 : 578288448,0139123
11 : 578682470,3214583
25 : 581807247,9229635
4 : 588587546,3904853
24 : 588877297,9366819
8 : 589382277,4395306
11 : 590451845,5553998
25 : 595466395,834394
4 : 596562272,8397325
24 : 597156097,3600589
11 : 599063652,7431208
8 : 601463147,3677145
25 : 606931731,3638229
24 : 607086096,536781
4 : 610698904,1931007
11 : 611111491,282218
8 : 611288999,3919187
24 : 617785615,023106
25 : 619562285,544292
4 : 621023081,3948778
11 : 621617273,8140959
8 : 622595047,7748023
25 : 630188588,8667593
24 : 632777494,2922605
4 : 633175744,8503045
11 : 634125616,374821
8 : 634342828,2637082
25 : 641940832,1959938
24 : 642805727,5391711
4 : 644020312,6773337
8 : 645500701,1271945
11 : 645674446,4696629
25 : 653240178,6078115
24 : 655494760,2443323
11 : 656636860,4811704
4 : 656906056,0034645
8 : 657166403,1224868
25 : 664346726,8041435
24 : 665884822,1616104
4 : 666313825,2996855
11 : 668541897,2591288
8 : 669575584,2093948
25 : 673424501,80332
4 : 674855298,6288974
8 : 675163826,3673922
