13 : 6568429,796747838
16 : 7559027,773030455
17 : 7645521,646254536
8 : 7918208,075721858
14 : 8206038,992825243
16 : 13557655,437745705
13 : 14233984,112447448
14 : 15685368,049208373
17 : 16522566,94974609
8 : 17999968,745573178
11 : 20553392,768673625
16 : 22171521,673843384
13 : 22344763,029706243
17 : 24178425,3115423
14 : 24544467,117229335
11 : 30205299,001177065
8 : 31059155,3681134
13 : 31341148,164640255
16 : 32325050,575759053
14 : 34312154,90699936
17 : 35449998,50162788
13 : 40316307,01628062
8 : 40648874,22078578
11 : 40699254,896076605
16 : 41154758,29060021
17 : 43763762,681476355
14 : 47041876,539025635
13 : 49048827,743014514
8 : 49845781,174811184
16 : 51567994,49385594
11 : 51633900,42589797
17 : 53443011,48980364
13 : 56403863,03874758
11 : 58044495,8470546
16 : 60214972,44064957
14 : 60324112,486525774
17 : 61134575,06881204
13 : 63659806,087483674
8 : 66345976,86498809
11 : 66992058,475333184
16 : 68382496,81896733
17 : 69430865,87545149
14 : 69517186,67630263
13 : 72265511,23966424
11 : 76481733,19226636
16 : 76802027,56406806
8 : 77733200,88844591
17 : 78243140,78821138
14 : 80618233,76603101
13 : 83775795,98283438
11 : 86718484,77702293
8 : 86848501,39120512
16 : 87258792,90450785
17 : 87503747,33553244
13 : 92832864,48183338
14 : 93953152,99814136
8 : 96163702,74175686
16 : 96501619,50945903
17 : 97004455,95156623
11 : 97791378,09815387
8 : 104259138,22828986
13 : 105161576,91641
14 : 105664818,23056775
17 : 105844153,87581621
11 : 108138858,14731151
16 : 108205628,65981483
8 : 114761574,63418406
13 : 114939871,34734434
14 : 115216597,73472092
17 : 115284227,52593383
16 : 116745798,34778735
11 : 120393743,41080773
17 : 123782734,02741376
14 : 123842091,72702
16 : 124348802,24748456
8 : 124436922,21875247
17 : 132407945,03430104
13 : 132475720,16098854
11 : 132545752,77238408
14 : 133353979,93641785
16 : 133474845,14906058
8 : 137086383,78190503
17 : 140090073,27992618
13 : 140758480,0414031
11 : 141136195,9400586
14 : 143622617,45562676
16 : 144954324,0342569
8 : 146744352,22085714
11 : 149985669,21611765
13 : 151346946,3970649
17 : 152437778,83138928
16 : 154331786,7874608
14 : 155200138,4319947
8 : 155406635,49609274
13 : 159168463,02925688
16 : 162118696,17766905
17 : 162233874,23318586
11 : 162390388,55594423
14 : 163570427,33442327
8 : 165570671,09726238
17 : 171741892,97215605
16 : 171893418,95839736
11 : 172491278,1652325
14 : 173222913,0555256
8 : 174404171,07860497
13 : 174847581,59240228
14 : 180262639,28823265
13 : 180372318,40596873
16 : 180494184,2676514
8 : 183116618,737208
17 : 185151632,68577287
14 : 188024127,39930844
11 : 188176851,09115854
16 : 188539634,7577073
13 : 189753760,03418058
17 : 192705243,59969842
8 : 194186145,25059965
11 : 195688255,7434057
16 : 196471715,8144867
14 : 197248168,3315289
13 : 201522413,8098336
17 : 202363280,36053813
16 : 203644708,79466742
14 : 205391383,79095295
11 : 207001457,61184257
8 : 207263853,15301242
13 : 210591082,12543282
17 : 212781345,1263917
14 : 212851948,3166168
16 : 213398262,0606771
13 : 216358755,3915276
8 : 217497574,78210783
11 : 218960084,28698757
16 : 222262768,63016602
17 : 223857468,10437602
14 : 223991549,44709286
13 : 225896504,64378443
8 : 227310151,45806846
11 : 227435611,14025247
14 : 230214437,36757493
16 : 231778592,7193493
13 : 234394090,696812
17 : 235043431,17295516
11 : 236684637,5826504
8 : 237495113,71349204
16 : 241490725,26892355
14 : 243545539,19255266
17 : 244263870,59856883
13 : 244362314,82049155
8 : 246896562,34133744
11 : 247629176,33120635
16 : 249685541,14889792
14 : 252650864,8964884
13 : 254292875,9906456
17 : 254795047,93398947
11 : 256782590,0470909
16 : 259521001,85515335
8 : 259670482,84581438
14 : 262783974,5490651
17 : 263689734,82930383
13 : 263827305,6017753
11 : 265882328,4237612
16 : 269351195,86261445
8 : 270010585,7718815
13 : 272806854,26645917
17 : 273465677,8696412
14 : 273640393,347875
11 : 275206947,4518914
16 : 279875665,4641307
8 : 280007522,6926588
13 : 281402137,32083344
14 : 282735107,34629595
11 : 282933477,65150994
17 : 284354854,37723017
16 : 290140414,41049284
8 : 290452196,8781853
13 : 290870164,1059504
11 : 292434470,27406573
14 : 292623037,6784613
17 : 293953685,94288397
16 : 298398087,9310582
13 : 298756291,8961885
14 : 300859555,3403102
11 : 302021200,6057945
17 : 302232299,6459629
16 : 307378484,2001386
13 : 307604563,47664994
11 : 307884012,55767304
12 : 310504270,10363925
17 : 310751722,1713806
8 : 311469485,21854866
13 : 316798013,02283293
16 : 317667649,9240469
11 : 318029944,2842198
12 : 320085394,6910105
8 : 320810814,57159305
17 : 321990409,70088804
13 : 326029570,2805994
16 : 327216927,5507732
11 : 328731206,10597825
12 : 330783519,4480536
17 : 331715234,3506165
8 : 332556464,5363657
13 : 337114545,21392053
16 : 337978621,49796754
11 : 339680864,6088181
12 : 341124842,23156714
17 : 342182390,10274833
8 : 342614441,1570945
16 : 346626022,37217563
11 : 346835562,7051658
12 : 348767957,6310569
8 : 349701704,1695891
16 : 353086400,3334572
11 : 353248449,19551647
8 : 356582690,52219033
16 : 359527224,1212832
11 : 359868562,3506399
8 : 360911702,77067
8 : 363088096,5322718
