45 : 6077987,868962819
43 : 6352069,08316096
44 : 6392903,578818254
41 : 6952962,316862155
46 : 7501024,707474047
32 : 7510027,686015618
47 : 8971216,92344107
45 : 12761284,756528474
32 : 13204281,026654972
47 : 13996351,82026349
41 : 15244594,958965462
46 : 15519106,958917154
43 : 15641360,527527917
44 : 16762367,261782767
45 : 18872349,401209746
32 : 19824369,535990067
43 : 21017512,28632063
47 : 22181589,599504616
41 : 22618943,532565568
44 : 23408691,2900953
46 : 23903931,533221792
45 : 25985992,259238716
32 : 26898761,455076747
43 : 28025107,41877472
41 : 29203777,635114763
44 : 30519005,191253968
46 : 31110731,246373612
45 : 31930656,87347781
47 : 32449367,644973867
32 : 34160106,61377798
43 : 34755706,798261665
41 : 36589712,45683138
46 : 38020862,61422487
44 : 38795801,93649932
47 : 38952326,243108355
45 : 38985156,43928635
32 : 41452338,80364526
43 : 41968371,39900281
41 : 43587134,45850754
44 : 45691301,638484076
47 : 45793225,392952785
46 : 45839669,35650472
45 : 46227169,67879692
32 : 47899283,76251445
43 : 49055307,070352845
46 : 50991341,97041578
44 : 51565623,59803628
47 : 52954991,07067364
41 : 53394040,94061309
32 : 54125447,46527799
45 : 55010146,53836565
43 : 56871498,445309296
44 : 57774994,58319074
34 : 58157417,89464888
41 : 59990093,93972213
32 : 60962029,87675643
45 : 61531612,87914846
47 : 62639709,4514157
34 : 64010302,365996964
43 : 64628052,204760216
41 : 66109840,584462084
44 : 66928469,29074953
32 : 68083497,08048679
45 : 68909985,81977965
47 : 69921628,01479577
34 : 70716172,69028944
43 : 72788239,27104816
41 : 73014142,99925125
44 : 73716874,93880677
32 : 74727296,22341077
47 : 76337522,75573258
45 : 77118103,42678334
34 : 77756623,39021625
41 : 79660074,5397327
43 : 80165171,37660472
44 : 81388467,58924772
32 : 81557521,42895184
34 : 83965681,36502732
45 : 84068229,10875821
47 : 84502731,48945397
41 : 86664173,93019022
43 : 87684126,86606093
32 : 88056191,73361494
44 : 90144124,16587982
47 : 90660215,06881736
34 : 91100913,43509494
45 : 91211623,71027634
41 : 93472389,58833303
32 : 95724225,871288
43 : 95942468,57903641
44 : 97022590,4463189
47 : 97471119,8168268
34 : 98006700,37002176
45 : 98430426,67058052
41 : 100905101,73573028
32 : 102905142,89699194
43 : 103004772,79296115
34 : 104399835,85578892
47 : 104878657,43163961
44 : 105437653,58703373
45 : 106011065,68323119
41 : 107241828,4162681
32 : 109603514,45759615
43 : 109670059,22858116
44 : 111538962,84458959
47 : 111782355,36134143
45 : 113051200,71189167
34 : 113766161,19182248
41 : 114382507,67074989
32 : 116591665,4117925
39 : 116902075,48253787
44 : 118866558,64225544
47 : 119039336,53636883
34 : 120448103,22230025
45 : 120703466,46685046
41 : 122250445,07713577
39 : 123178728,18948145
32 : 123472688,67372361
34 : 126122460,12302612
44 : 126306742,93791142
47 : 126561409,38554257
45 : 128896088,9452369
41 : 129520245,83778462
32 : 130144207,43401943
39 : 130700771,65088548
34 : 132498463,71751106
44 : 132804513,99409322
47 : 134376253,68546084
45 : 136175557,19759896
41 : 136871411,18242973
39 : 137113325,1393713
32 : 137681080,29101798
44 : 139184744,68152443
34 : 140233060,85015753
47 : 141109632,80101657
41 : 143475798,74162236
39 : 144103441,48364627
32 : 144762574,3315339
45 : 145320935,36224875
44 : 146270822,9340578
34 : 147147406,46891883
47 : 148134413,549321
41 : 150587075,4821703
39 : 151568697,46728882
45 : 151727324,29746655
44 : 152420446,0434357
32 : 152999639,12889323
34 : 153718167,318253
47 : 155983843,76516503
41 : 157884703,1929313
39 : 158385061,46045005
44 : 158790137,62028998
32 : 159069149,1497232
45 : 159218719,83939317
34 : 161697604,07545128
47 : 163490713,95696405
44 : 164979359,2143295
39 : 165404869,80994496
41 : 166124671,56279796
32 : 166625605,6118247
45 : 167176370,24312603
34 : 168203546,38397136
47 : 171490010,82188353
44 : 171894760,91145724
41 : 172442287,11878222
39 : 172659682,32581758
45 : 173804117,71010655
34 : 174609337,64204043
32 : 175234943,5648651
47 : 178333623,85567635
41 : 178832399,9345066
39 : 179913596,78577673
44 : 180068802,43803105
34 : 181093033,36777353
32 : 181707951,58636978
45 : 182445073,19289976
47 : 185004384,598963
39 : 186508563,3453844
44 : 187162773,0850983
41 : 187422623,48354214
34 : 188075513,3474296
32 : 188819425,01353207
45 : 188953714,675977
47 : 192283303,97459832
39 : 193804693,79490718
34 : 193945531,43880656
41 : 194453849,8971007
32 : 194767962,13554198
44 : 195520662,3826843
45 : 198111946,50871876
47 : 198187703,63188383
39 : 200243493,94017455
41 : 200694832,2379548
34 : 201600106,28747645
32 : 202941993,83059117
44 : 203518144,82156998
45 : 205000154,7632412
47 : 205426693,11735615
41 : 207010533,2870929
39 : 207205658,3428078
34 : 208499517,40821344
32 : 210165237,1747236
44 : 211003672,23843426
47 : 212234075,6084754
41 : 213114687,49079084
45 : 214313771,69248763
39 : 214381585,8476213
34 : 215220844,2154554
44 : 217837247,22286797
32 : 217907526,40119717
47 : 219490183,45641795
45 : 220353613,9974401
34 : 220642865,14330226
39 : 221093925,932532
41 : 221911620,8603466
32 : 224723741,64904737
44 : 226227353,46840066
47 : 226393283,5806752
45 : 227566664,0142922
39 : 227968417,519819
41 : 228592995,7801993
34 : 228783931,11766785
32 : 231652039,38467523
45 : 233876961,52425072
43 : 234158639,1458214
39 : 234803755,0531693
34 : 235225495,6730361
47 : 235407381,81478128
41 : 235550264,45835182
32 : 238405004,01326534
43 : 240184420,0511209
34 : 241208403,92840576
41 : 241436259,09166318
39 : 241989031,3040472
47 : 243304699,85009137
45 : 243828265,65466774
32 : 245782749,65775657
43 : 246606140,72269487
41 : 248134626,57710966
39 : 248641849,80850783
34 : 249688788,74632588
45 : 249942206,75463077
47 : 251464982,34935385
32 : 252172822,5532255
43 : 252672398,67995778
41 : 254478689,71256742
39 : 256170059,97277746
34 : 256685188,6663987
47 : 258755109,61680982
43 : 258899967,23278904
45 : 259512613,34064013
32 : 260199675,05593678
41 : 261289438,5842908
34 : 262956673,0903654
39 : 263641308,90422243
43 : 265913475,478597
47 : 266519593,2141377
45 : 266814332,57922548
32 : 267082811,5488865
41 : 267897566,1206644
34 : 270290738,78795534
39 : 270599485,13922834
43 : 272757085,4043891
32 : 273227767,6848218
47 : 274369125,4320523
45 : 274658992,7807793
41 : 274972516,43638504
34 : 277212132,2231562
39 : 278622705,30220115
43 : 279058279,419148
32 : 281205512,479894
45 : 281388941,95765626
41 : 282745478,60040015
47 : 282937679,9597663
34 : 283109103,67152256
39 : 284932352,675117
43 : 285670238,23217916
32 : 287765177,96459085
41 : 289524254,2180626
34 : 289846758,3335178
45 : 289989158,7745574
47 : 290222951,24315107
39 : 291475122,70675683
43 : 292730712,20834464
32 : 294801961,81787837
41 : 296518968,6010386
47 : 296795862,7224845
34 : 297017671,40882194
45 : 297572554,18122417
39 : 298251256,1986193
43 : 300754194,0508754
32 : 301749166,2465541
34 : 303363517,7818717
41 : 303514407,045643
47 : 303678356,0760966
39 : 305023246,58161515
45 : 306837221,1184722
43 : 307904511,03609926
32 : 308485716,21753335
34 : 310235238,528219
47 : 310958377,5269742
41 : 311416043,93788177
39 : 311641476,0704862
45 : 313255069,130069
32 : 315222504,20148414
43 : 316184272,0681918
34 : 317097928,3837997
47 : 317639118,85327905
41 : 318510626,51259536
39 : 318812517,9130931
45 : 320530111,8541922
32 : 322527988,7157674
43 : 323309578,7758976
34 : 323741192,3762315
47 : 323908631,7786449
41 : 325750214,50455666
39 : 326574014,5171746
45 : 328453659,176296
32 : 330246387,2490748
43 : 330460895,64728826
44 : 330875089,2728992
47 : 331168563,42815214
41 : 332584878,98664165
39 : 333655498,15870076
45 : 335213564,01545966
43 : 337521855,4925228
47 : 338024165,77409613
44 : 338190424,80264354
34 : 338391666,47703564
32 : 339713411,6297975
41 : 340527277,8979196
45 : 342691469,2834228
47 : 344409953,1509641
43 : 344972442,3512632
44 : 345153682,3194278
32 : 346427109,19944626
34 : 347522605,5256757
41 : 347715879,20536894
45 : 349852406,189464
47 : 351331557,3335438
44 : 351565536,940128
43 : 352694223,73738563
34 : 353604054,275486
32 : 354195357,7450458
41 : 355271949,2219324
47 : 357421777,51689726
44 : 357685762,4101194
45 : 358619127,02868074
43 : 359067213,02492285
34 : 361374036,7489455
32 : 361532614,45797014
41 : 361954743,0661421
44 : 364402054,5009026
45 : 365076482,10227394
47 : 365885107,3607308
43 : 366193637,8669321
32 : 368176587,2707087
41 : 368959803,9216598
34 : 369130059,02918714
45 : 371785854,66479564
44 : 372600611,181933
47 : 372923926,46680176
43 : 373184169,63752806
32 : 375564347,8092221
34 : 375768334,0396735
41 : 376685390,8359478
44 : 379096846,51603067
45 : 379248400,7381927
47 : 379653325,4288289
32 : 381510431,3330938
34 : 381875138,94333297
43 : 382640202,43427426
41 : 385344562,09292454
47 : 386384628,6199955
45 : 386753116,64378476
44 : 387050715,28437173
32 : 387844569,2688242
43 : 389427205,2158417
34 : 389748416,8445999
41 : 392304982,28691876
45 : 393912695,13766086
47 : 394075081,4472879
44 : 394253241,0399123
32 : 394530296,87185526
43 : 396917597,6754557
34 : 397171096,44889003
41 : 399191740,80212605
47 : 400883746,4408623
45 : 401046060,0026393
44 : 401327527,88150364
32 : 401657095,27241546
43 : 403652416,5563361
34 : 404303485,3447667
41 : 406363719,23732704
47 : 407381627,53179866
45 : 407649216,3344062
44 : 408483254,99136484
32 : 409262012,8493793
43 : 410360760,6754617
34 : 411193246,2128566
47 : 413812898,3129847
45 : 414993961,637118
32 : 415340092,2555151
41 : 415558284,4416476
44 : 416001791,32703793
43 : 417188812,4285381
34 : 418690856,09631187
47 : 421211428,6242469
32 : 421678659,8546808
45 : 422188007,19685745
44 : 422507503,2877793
43 : 424087426,69266856
41 : 424646091,6667125
34 : 426058091,50113463
32 : 428773121,7489013
47 : 429005306,49522454
45 : 429149977,35506105
44 : 429257906,59321177
34 : 432448699,56654084
41 : 432704671,139371
43 : 432855973,2691958
47 : 435609615,64342666
32 : 435919229,6429018
44 : 436155897,1608949
45 : 436694248,3329318
41 : 439109772,59359413
43 : 439516717,59806114
34 : 440808921,3140837
32 : 442113159,95157784
47 : 442406118,9741655
45 : 443834285,4526535
46 : 444146376,6180036
43 : 446280319,43529826
41 : 446497324,84354264
34 : 448650432,5909866
39 : 448972975,4669092
47 : 449476935,8664481
46 : 451360484,49587375
43 : 452717462,5983032
45 : 453162647,1726947
41 : 454459010,37346053
34 : 455350663,74648434
39 : 455792120,14010745
47 : 456236774,5730577
46 : 458291378,0599493
43 : 459554897,5759301
45 : 460319636,6529966
41 : 461569461,70957404
34 : 462556371,9123455
39 : 462895858,2323706
47 : 463620178,6022391
46 : 465079184,11419314
43 : 466360812,3587039
45 : 467213882,33717626
41 : 469017768,5605641
34 : 469430068,2616098
47 : 470313627,8153516
39 : 471018048,01252145
46 : 471956716,9848624
43 : 473507321,529941
45 : 474290276,7935186
41 : 476421117,4654057
34 : 476769729,3493129
47 : 477520324,79918563
39 : 478010252,400742
46 : 478893597,3438179
43 : 480423420,9803582
45 : 482280686,08062476
41 : 482964473,08567095
47 : 484168764,8942221
39 : 484850633,43286484
46 : 485358897,30302584
34 : 485577410,248235
43 : 487338625,8880566
41 : 489579074,2288344
45 : 490542814,91129446
47 : 491038228,18870515
39 : 491374630,7873979
46 : 492850339,0913754
43 : 493764523,24246573
34 : 493886764,8441889
41 : 496388433,7298309
47 : 497603319,04967004
45 : 497986679,62822574
39 : 498706265,13117754
46 : 499389825,8635008
43 : 501034477,24138945
34 : 501375817,755753
47 : 504329507,56443894
45 : 505158539,16383606
41 : 505389055,11005557
39 : 505832848,30733764
46 : 506274125,81223124
43 : 508452150,1455149
34 : 508766680,24263203
47 : 510940333,00915444
41 : 512469257,7783408
39 : 512624909,887669
45 : 513235594,88035643
46 : 513873140,9571028
43 : 514670643,24319786
34 : 514998218,8366044
41 : 518794974,53009105
47 : 519176623,8085085
46 : 520446932,0903778
43 : 520857707,13978636
45 : 521320238,4924944
34 : 521712284,5939596
39 : 522066730,0671403
47 : 526272826,5761889
43 : 527146191,9001982
46 : 527561945,32420963
45 : 527928752,7935353
41 : 528405543,8652271
39 : 528686834,9423538
34 : 529014647,9267601
47 : 532928422,1489034
43 : 533712801,02819663
46 : 534249837,4619416
45 : 534875819,01011235
41 : 535423706,65063316
39 : 536575013,67490077
34 : 536865595,76174754
47 : 539619060,5284321
43 : 540587171,0141877
45 : 541882017,3276105
46 : 542182726,4928885
41 : 543037957,9699383
34 : 543968882,2028805
39 : 544172200,7219622
43 : 547462732,2807469
45 : 547707948,8177041
46 : 548648464,3500406
47 : 549102111,5914907
34 : 549702741,7291808
41 : 550258106,709842
39 : 552023671,662826
47 : 554295776,8636204
34 : 555936615,9344349
41 : 556350484,782527
45 : 556561127,5838417
32 : 556789989,4599515
43 : 557099974,1060435
39 : 559374570,6554127
47 : 561214993,0203282
41 : 562339267,9222602
34 : 562919862,879278
32 : 563353355,07852
45 : 563843297,9754465
43 : 564106862,097269
39 : 567942421,0530727
47 : 568492225,5649254
41 : 568894141,2894745
45 : 570320535,405187
32 : 570765320,4409784
34 : 571038521,4086065
43 : 571498001,9924407
39 : 575130645,6189337
44 : 575558032,9473999
36 : 575923080,2201518
45 : 576741588,4338372
32 : 577312822,4868525
43 : 578469166,0644236
34 : 579037251,0300593
44 : 582464287,0795673
36 : 582953581,1925838
45 : 583626537,0872293
39 : 583939015,0555162
32 : 585051091,3237246
43 : 585657486,8149425
34 : 585847939,3978467
44 : 588819600,5613765
36 : 589825515,6273984
45 : 590708300,3135985
39 : 591301864,5470251
43 : 592273856,6281645
32 : 592639248,0830328
34 : 593088491,2815905
44 : 595764341,3769816
36 : 597330066,5406727
39 : 598259798,0016998
45 : 599002622,1399931
43 : 599587218,390002
46 : 600072999,8930812
34 : 600525869,4413804
44 : 603739972,4350995
36 : 604655092,2862478
39 : 605117455,8521091
34 : 606719711,262801
46 : 607066810,7608414
45 : 607264611,6895016
43 : 607478545,0175586
44 : 609518665,8819493
36 : 609948881,9842418
46 : 610670589,2118789
45 : 611111831,4382983
46 : 612804931,060687
45 : 613929219,5373982
46 : 615140341,1978813
45 : 615708138,68313
