36 : 6285062,911934981
45 : 6471589,261060624
46 : 6964791,251133507
44 : 7513284,443702819
41 : 7577492,100016486
47 : 9385025,409372866
39 : 10162142,553492317
43 : 10418443,53314297
44 : 14073746,399182776
36 : 14296651,605194762
46 : 15468551,762908362
43 : 16732996,789956124
39 : 16911276,224852774
47 : 17154507,02582451
45 : 18614310,480194252
41 : 19340484,377027575
46 : 22560652,07563803
36 : 22997669,597651534
43 : 23990872,894720957
47 : 24693984,713493083
45 : 25285573,014885675
44 : 25808807,398247857
39 : 26494843,67317999
46 : 29052185,595398683
41 : 29652972,862808138
36 : 29987465,087403573
43 : 31968794,597722195
47 : 32042421,246970393
45 : 33739787,76110106
44 : 34518833,83100085
39 : 34958255,59804724
46 : 37116570,52399311
36 : 37788703,651457265
41 : 40026585,44404993
43 : 40312929,495181166
45 : 41000789,126727834
44 : 41393437,67341954
47 : 41659060,70482004
39 : 42713950,00246818
36 : 45390242,358259074
46 : 45937179,17490915
43 : 47164660,41620964
41 : 49110207,68086918
44 : 49164482,58442298
47 : 49547489,813868046
45 : 49807519,93960995
39 : 51258356,604510166
36 : 53069356,33565708
46 : 55046067,108282946
44 : 56068819,9953593
43 : 56119873,35120337
47 : 56722675,33252469
41 : 56772847,13925565
45 : 58370962,86314771
39 : 59531090,573635474
36 : 60774158,91219813
46 : 63493954,913919464
41 : 64035241,598728195
32 : 64338732,85755703
34 : 64769246,07500121
47 : 66314646,38881674
39 : 67252746,67060211
45 : 67504962,73445459
36 : 69689383,58773391
32 : 71921864,31278539
34 : 71987448,93955675
41 : 72201055,0938158
46 : 72529059,87981392
47 : 73812296,93696432
39 : 75196634,99651462
36 : 76669822,9910421
32 : 77691484,19073907
45 : 79066979,70956616
34 : 79235330,97043762
41 : 80593223,89457329
46 : 81066036,19920212
47 : 83360601,31754105
36 : 84356464,85523573
32 : 84413497,24136509
39 : 85019811,0447952
34 : 86005008,99655645
45 : 88150386,90720215
41 : 88611377,06317547
46 : 88660403,04362021
36 : 92121161,24190831
32 : 92207651,56771466
47 : 92853916,95567852
39 : 93546478,95953253
46 : 95705118,61296804
34 : 95753581,8587904
45 : 96463862,95413807
41 : 96892309,444365
32 : 100006542,0538386
36 : 100654903,57879157
39 : 101238623,75820588
47 : 102070327,52265482
46 : 102809216,0040994
34 : 103756524,0010672
41 : 105137629,1833413
32 : 106988065,21181633
45 : 107401865,75409935
36 : 107616890,66616653
39 : 108516231,18347718
34 : 110271311,02433294
46 : 110427815,39865649
47 : 111117982,29888782
41 : 112431090,79439296
32 : 114358926,36007227
36 : 114994218,01482874
39 : 117226440,73927486
45 : 117945489,03270687
47 : 118554080,03603092
46 : 119087290,31107695
41 : 119490441,55800891
34 : 119607311,45974782
32 : 122598169,41327056
36 : 124463583,67596689
46 : 125479688,70140576
34 : 126267043,70934732
41 : 126503770,88539635
47 : 126560737,63622324
45 : 128620821,12424138
39 : 129378358,74427626
32 : 129556422,46965861
36 : 131363430,89873865
34 : 133779556,3120072
46 : 133847934,61614159
41 : 134244543,02582052
47 : 134374836,28674278
45 : 137069482,44212282
32 : 137139229,8298689
39 : 138032569,2098978
41 : 140707323,67450628
36 : 141208075,2712688
46 : 141811528,33297536
34 : 142045594,5544089
47 : 143711721,05243078
32 : 144062937,2111558
39 : 145946738,1309132
45 : 146455404,544955
41 : 148257875,35158527
36 : 148866066,05076528
34 : 149066631,36026913
46 : 149401264,1697392
32 : 151141496,1382804
47 : 152714533,58254072
39 : 153570768,61464977
41 : 154487084,44088176
46 : 156628930,51313233
34 : 157189147,20115092
45 : 157484987,94176528
32 : 158522688,15049466
47 : 159660682,85681975
39 : 160549545,36455837
36 : 161383243,51311404
46 : 163941040,1815675
45 : 164515829,34546006
41 : 165407069,93787563
34 : 166030418,16323948
47 : 166838037,0407756
39 : 167981845,23918256
36 : 168330709,05655125
32 : 168878535,4289741
46 : 171521026,90904084
34 : 172785220,13039434
41 : 172847869,66315734
39 : 174615036,75375623
47 : 175506148,94950914
32 : 176176524,32742193
36 : 176832441,81358987
46 : 178837521,08178315
45 : 179212556,01300296
34 : 180845731,01179677
41 : 181202627,38481367
39 : 182166388,73779184
36 : 184431549,10608143
47 : 184536559,54475164
32 : 185190483,2536938
45 : 186735406,81089646
46 : 187465843,81844223
41 : 189130927,0530569
34 : 189552462,5464229
39 : 189744370,22594887
36 : 191401537,75699154
47 : 193003675,52336067
32 : 193413866,60950786
45 : 196020201,3883124
41 : 196118865,71987033
46 : 197421130,44340843
39 : 198373488,01845554
34 : 199205271,8032153
36 : 199526932,49617565
32 : 200413426,2075677
47 : 200517290,58768088
41 : 202653659,7992969
45 : 204241844,6705515
46 : 205139132,55135188
34 : 205641643,55108917
39 : 206422644,0117213
36 : 208217921,80851704
47 : 208542262,99950638
32 : 208671114,75375578
45 : 212823323,0649648
41 : 213670540,9293341
46 : 214194002,75530338
39 : 214414958,12601015
34 : 214944927,6403347
47 : 215618035,34455755
36 : 216304384,17904067
32 : 216507932,27967462
45 : 220028937,99132246
39 : 220779748,03105655
41 : 222039126,7240074
46 : 222311762,98812228
36 : 224218354,66898495
47 : 224650412,5730961
34 : 224970336,0785593
32 : 225211389,243388
45 : 228342103,47183207
39 : 228501497,83452561
46 : 229476929,790928
41 : 230713205,74224317
47 : 232078805,07165125
34 : 233139524,06672254
36 : 233323810,2895069
32 : 233702520,08668718
39 : 236657148,79237235
45 : 236761693,52634293
41 : 238305549,82880834
47 : 239558167,1511237
46 : 240299640,76472586
36 : 240488724,1089836
32 : 241224317,03845343
45 : 244160964,89591584
34 : 244540777,49145076
39 : 244901195,88042977
41 : 245596796,8855396
47 : 246794074,4058561
36 : 248024639,77586326
46 : 248361803,27498242
32 : 249520670,7156117
34 : 252377218,21502703
39 : 252935292,6969094
41 : 253658077,14825055
45 : 254032631,04138047
47 : 254620564,27169254
36 : 255707391,92434788
46 : 256728837,02298605
32 : 258488677,11638585
34 : 259339429,5942813
39 : 261386681,868786
41 : 261817901,07078514
47 : 262122103,74781775
36 : 263006349,20753905
45 : 263974050,864135
46 : 265469766,64074397
32 : 266296360,30225217
34 : 269486329,734829
39 : 269737547,2399543
41 : 269955024,81578386
47 : 270709652,0636573
36 : 270967609,99249446
45 : 271142528,1628096
46 : 273936603,39941484
32 : 274604459,3087703
39 : 277415821,27945787
34 : 277750384,6126547
41 : 278112396,7387123
47 : 278333494,9364883
36 : 278597970,2682152
45 : 279579678,4411501
46 : 281886796,0184532
32 : 282425614,8390728
34 : 284263254,15764844
41 : 285671868,6774048
47 : 286933920,7846642
39 : 287122116,5124544
46 : 288065512,20772755
36 : 288276294,20873433
45 : 288694427,72587824
32 : 289088680,4356852
41 : 292804012,3728508
47 : 293399120,10927325
34 : 293625542,3105442
39 : 294838144,54567844
36 : 295939539,30139697
32 : 296146826,9786424
45 : 299014756,3758735
46 : 299187666,5239156
41 : 299552874,3878079
47 : 301820085,2251948
36 : 302695701,5311826
34 : 303114124,6725516
32 : 304263682,69869983
39 : 304611122,06340927
41 : 306603495,9294699
45 : 307136368,7960186
47 : 308266519,0803271
46 : 309036923,2247806
34 : 310112343,35438484
32 : 310696568,09116226
36 : 312331602,6397942
39 : 313811390,86330044
41 : 313944707,56467617
47 : 315253180,7613627
45 : 316636806,5385054
46 : 317622874,0820037
34 : 318288344,49638426
32 : 319242658,31230116
36 : 320077715,4365906
39 : 321369084,51622206
41 : 321531787,99775374
45 : 324358964,91085696
46 : 324595638,73771626
47 : 325430490,00767314
32 : 325956825,73370826
34 : 327463148,8768918
36 : 328435933,5417681
39 : 329593870,6149092
41 : 329881358,0584861
46 : 331871196,5176224
47 : 332101863,84651035
32 : 333095341,78682804
45 : 334428062,5781956
34 : 335847330,95008856
41 : 338216686,5216699
39 : 338884043,5704184
46 : 339220780,70921826
47 : 340007098,6436805
36 : 340404960,5259398
32 : 340710732,18577135
45 : 341694416,6687788
34 : 344001416,7832509
41 : 345758430,44100827
46 : 347085725,81394196
47 : 347392828,7096413
36 : 348507744,38841367
39 : 348691638,0240326
32 : 348966740,1528212
45 : 349795259,5101629
34 : 352761728,08618593
47 : 353902746,568072
41 : 354353756,68994594
36 : 354877812,2461784
39 : 356520949,7586521
46 : 357249268,92716193
32 : 357883552,94591206
45 : 358258747,60184896
34 : 361246711,06429386
41 : 362198365,82666296
47 : 362369485,26984674
36 : 363036783,8544655
46 : 364671340,6446858
32 : 365051532,9877397
39 : 365624853,6488294
34 : 368338293,8869889
36 : 369237664,544096
41 : 369998864,52761716
47 : 370224576,895144
39 : 371295730,1561011
32 : 371967231,1772338
45 : 372619121,29104805
46 : 374885861,69466776
34 : 376485924,33433294
41 : 377683742,5876544
47 : 378023725,6869412
36 : 378373496,4338758
32 : 378702118,6807529
39 : 380192166,7881286
45 : 381029453,7976215
46 : 383528505,51452816
34 : 383799684,7287143
47 : 385053484,9838556
41 : 385908813,5846955
32 : 386516109,8279208
36 : 387695932,89298785
39 : 387927690,40617675
45 : 390830067,33249193
34 : 391531118,6691853
32 : 393096465,3561212
47 : 393508874,8433156
36 : 394203637,85897183
41 : 395151170,0909871
39 : 395297301,2319706
46 : 395639022,89714044
34 : 397989040,6888491
45 : 399502463,4702775
32 : 399929830,4111291
47 : 401120843,1924502
41 : 403415434,3552582
46 : 403848942,69236463
39 : 403972588,6599378
36 : 404242324,9345166
34 : 405667356,2060132
45 : 408103860,6305396
32 : 409210243,39325386
47 : 410906795,99599594
46 : 411600319,3973926
41 : 412217287,2145316
39 : 412560622,11619556
34 : 413329830,3674737
45 : 413926576,46422476
36 : 414240348,73094594
32 : 416363976,3287708
47 : 418579731,9692832
39 : 419397120,0230508
41 : 419773965,4668676
46 : 420037141,4373924
34 : 421237451,25183403
45 : 421520155,0160728
36 : 422881145,30383116
32 : 424900366,6134777
47 : 425727190,65843254
39 : 426371713,5078369
41 : 427328292,04464513
45 : 428875640,2045221
34 : 430615789,5991019
46 : 431801686,93292105
36 : 432136536,82394063
32 : 433228561,4244173
47 : 433563913,69908774
39 : 434777399,1856589
41 : 435368016,0445393
45 : 437642710,3999288
34 : 438667685,70124215
46 : 439815684,94490254
36 : 440277792,5058633
47 : 440552752,4984068
39 : 442215373,92124814
41 : 443683338,1510683
32 : 444074288,21984655
45 : 446089443,5068835
36 : 446579287,76743436
34 : 447254729,2474171
47 : 447985202,07133937
46 : 448610080,1382199
39 : 450747332,93850434
32 : 451978218,0502807
47 : 453964147,0878304
36 : 455076226,40445393
45 : 455511990,924665
46 : 456101676,5289533
34 : 456429039,2481074
41 : 456936601,8284917
39 : 459150563,5237326
32 : 459580423,9971429
47 : 460614299,0004011
34 : 463131643,36847067
41 : 463619211,7419444
46 : 464001737,3236092
36 : 464378363,4959413
45 : 464659991,8800595
32 : 466349005,22094077
39 : 468297794,9833237
47 : 469476015,300266
41 : 470258778,65231884
34 : 470992891,264467
45 : 473042107,82288563
46 : 473684524,86529356
36 : 473937744,0189176
32 : 474394681,7448108
39 : 476094271,7769597
47 : 477219553,50918573
41 : 477544720,1689121
34 : 479407393,9542877
45 : 480982688,3246104
36 : 482088303,1994111
39 : 483081922,5080775
32 : 483415270,77369905
46 : 484121799,6749581
47 : 484739548,6838573
41 : 486032209,910996
34 : 487997392,777173
45 : 488864988,72234756
39 : 490034758,52810305
32 : 490737875,7140262
47 : 491474632,29379326
36 : 493163334,4623294
46 : 494210805,142271
41 : 494892887,0187119
45 : 495369880,6606938
34 : 496336750,1808748
32 : 498193861,23763686
47 : 499387699,1468327
39 : 499984690,3969168
36 : 500154484,8836128
46 : 502027851,10146904
41 : 502607478,8024921
45 : 503996312,25095135
34 : 504647007,8491782
32 : 505787525,58061475
39 : 506247680,4007669
47 : 507489070,0042305
41 : 510333134,118331
46 : 511746157,9027496
34 : 512240659,0399583
36 : 512637486,8059954
32 : 513207982,51169586
39 : 513604785,9653015
45 : 513859984,8459418
47 : 515658196,5975639
41 : 518026251,16577893
43 : 518927033,69273967
36 : 520103132,23450446
32 : 520565174,3273804
47 : 521908765,6548446
46 : 523138280,7492383
39 : 523840795,20319045
45 : 524282123,5714813
43 : 525113375,56380755
41 : 525530329,2788578
36 : 527805743,58519006
32 : 528179361,57115823
47 : 530325738,49635607
46 : 530736552,88473254
39 : 531935453,1176912
43 : 532636296,7427377
41 : 532911923,59032786
45 : 534408525,95596945
32 : 536951729,038665
47 : 537836017,8792748
39 : 538520509,5513246
36 : 539219970,246667
43 : 539614835,9324548
46 : 540079428,9018037
41 : 542438525,4286221
45 : 543148730,4394811
32 : 544635250,4714341
47 : 545778145,1369246
39 : 546694057,7669419
43 : 547127593,4744956
36 : 547774193,6646918
46 : 548046499,2594923
41 : 551115185,7653127
32 : 552108570,9243762
39 : 553734442,9420177
47 : 554040003,9105356
43 : 554472956,1744852
45 : 554767931,2718365
36 : 555599868,2769938
46 : 556896993,5607451
41 : 558940716,0506645
32 : 559457915,258611
47 : 560584724,2614956
39 : 561686124,1004711
43 : 563304346,1974951
36 : 563754701,6110992
46 : 564736021,1176808
41 : 566112189,1006056
45 : 566548470,9323446
32 : 567591796,6905886
47 : 567974537,2468164
39 : 569199440,6190313
43 : 571458328,2959155
36 : 572832349,705113
45 : 573674584,940239
32 : 574871305,4566722
41 : 575688660,3311226
39 : 576034450,4170152
47 : 576351422,158493
46 : 578379997,9556012
36 : 579179969,4391345
43 : 579683948,666631
32 : 581028113,871481
47 : 582553636,2878504
41 : 582902084,1067574
39 : 583958407,6794547
45 : 584221882,9682322
43 : 586025591,8338052
46 : 586752708,3638189
36 : 587970614,0750949
47 : 588870426,1777552
41 : 590415070,0194336
45 : 590877078,3134167
39 : 591392028,6322737
43 : 593171514,7717601
46 : 593704398,2451518
36 : 595032540,0901096
41 : 596008783,7808697
45 : 596780116,8474731
39 : 597883489,2762371
43 : 598543247,0815387
46 : 599829690,2796187
41 : 601145899,5276895
36 : 601429850,3615178
45 : 602246963,1578321
39 : 603169367,2469295
46 : 604319339,328351
36 : 604965177,3614752
45 : 605394090,804449
45 : 607833449,2660105
46 : 607971802,3769529
36 : 608111917,992913
45 : 610098436,8555114
46 : 610168925,0615411
45 : 612205015,1633642
46 : 612311243,1405404
45 : 613445412,5892708
45 : 614577709,2810819
45 : 615708138,683139
