44 : 6339254,367538077
34 : 7082056,5889714835
46 : 7734538,0743865855
47 : 7913661,033720051
39 : 8019075,03171934
33 : 8438180,813440518
43 : 9645428,292867647
11 : 11610082,993213978
39 : 14891831,118024597
44 : 15154379,91105239
47 : 15674896,242601428
45 : 15732517,668396194
46 : 16300423,408380184
34 : 17362555,449980218
43 : 19098870,141889967
33 : 20355631,668063283
11 : 21914274,84478077
47 : 22622822,555136777
45 : 22766437,23471075
39 : 23876613,822006945
46 : 25207523,538787723
44 : 26078068,796760768
34 : 26098410,286938246
33 : 30337342,47788966
43 : 30469947,99703633
11 : 32178392,0338373
34 : 32446376,248626556
45 : 32950602,87916235
47 : 33039747,352129914
46 : 33129563,18394107
39 : 33220812,450526144
44 : 35464911,44915787
33 : 37979639,630873196
34 : 39571671,0538465
11 : 39684086,925681345
39 : 40036886,61470231
43 : 42021831,62827537
44 : 42820606,40162178
46 : 43067937,81445937
33 : 45237999,95473588
45 : 45997261,3492967
47 : 47215289,74114356
11 : 47554654,78093402
39 : 48336526,39624041
43 : 49627754,448425606
34 : 51079764,25282477
46 : 51747618,09442257
44 : 53419804,4326308
47 : 53975206,73377864
33 : 55151053,04539683
39 : 57117731,6644989
34 : 57431730,626898795
11 : 57480223,568416804
45 : 58459601,62572095
43 : 59371819,828252934
46 : 60717360,23404961
47 : 63217744,325138174
44 : 63939867,955621235
32 : 64311728,55087869
34 : 64848936,828885734
33 : 65106269,80223112
11 : 67763935,26361954
43 : 67811375,98223385
46 : 68631860,34555699
45 : 70506052,68472674
47 : 72195966,3274383
32 : 72533638,1206054
44 : 73270411,85125026
33 : 73868685,25189008
36 : 76221322,86363539
34 : 76918294,61034387
46 : 77285238,75153302
32 : 78617724,58180521
47 : 80207108,24208489
44 : 81051222,21089414
43 : 81405353,49136557
33 : 81937286,96601455
45 : 83090469,95074826
36 : 84404235,9599046
34 : 85725348,29950687
46 : 86755284,64471133
32 : 87123227,11161523
33 : 89174529,47251335
47 : 89801423,77005774
45 : 91068944,80503675
43 : 93130613,84020264
46 : 93360605,7912892
44 : 94428746,21359771
32 : 95639486,4873005
34 : 95752608,80870335
36 : 95848914,56453682
33 : 97817782,20373347
47 : 98902208,7280797
34 : 101589156,7648219
43 : 102041222,11259088
46 : 103058610,77733043
45 : 104551888,1040117
44 : 104690089,69987705
32 : 104795713,24131446
36 : 105179528,01191422
33 : 105314017,21688724
47 : 107408124,37744775
34 : 110147729,24660823
46 : 110196039,07852358
43 : 111934382,56573927
32 : 113028508,48702393
44 : 113599406,75519836
33 : 114175343,28349748
36 : 114307221,57757361
47 : 116187946,0575634
45 : 117033760,14137213
46 : 118972931,05324821
43 : 120336226,64163248
34 : 121384380,12783632
32 : 121831051,5987784
36 : 122369808,46042986
33 : 122850137,90861416
45 : 124852660,6786063
44 : 125675459,68391308
47 : 126014798,44924103
46 : 127122796,37078467
34 : 129549563,29887813
36 : 129898839,12406898
32 : 131742846,22785997
33 : 132015706,80900672
43 : 132172528,4989206
47 : 134451636,01403198
46 : 134645022,99364707
34 : 136884579,48292443
44 : 137421420,43087277
32 : 138273589,0249655
45 : 138719890,54965845
33 : 139846650,3491454
36 : 140854207,90292865
47 : 141344844,93017137
46 : 143000813,32277054
43 : 144674424,8980633
34 : 144906148,86892873
33 : 146895350,79296386
32 : 147659524,61778596
44 : 149069293,23215407
47 : 149344369,97733405
36 : 150075820,4121727
46 : 150872200,65740985
45 : 151530844,5909256
43 : 153594477,73172027
33 : 155029183,3256674
34 : 155114596,3090863
32 : 156965711,4168246
46 : 158033431,95185614
47 : 158480606,56648493
36 : 159450586,2369016
45 : 161362586,8230759
44 : 162363010,11935815
33 : 162560864,02957687
43 : 163105641,27319452
34 : 164025224,3196443
32 : 164930878,4728612
46 : 166304630,40961033
47 : 167264743,5645786
36 : 167421835,0803138
33 : 171024819,78749007
34 : 171223505,6117206
32 : 172528250,3102028
44 : 172994305,86207527
36 : 174546319,71698186
45 : 174759933,5576227
47 : 175597565,0679292
43 : 175956929,33865714
46 : 176099547,62234104
33 : 179790825,8817211
44 : 181248865,165473
34 : 181489551,892862
32 : 182002369,74910122
36 : 182816324,99079323
46 : 183144513,6938039
43 : 184000911,24748734
33 : 186914192,8405178
47 : 187120096,23916584
45 : 188578350,67902535
34 : 188863342,9986908
36 : 190343919,12415922
46 : 191155321,60396174
32 : 191320882,77435264
43 : 192892082,20984823
44 : 194243442,84014365
33 : 194525419,07525164
34 : 196189734,3453113
47 : 197485563,03007394
46 : 199011402,37965658
36 : 199317459,64239508
32 : 199766961,68231156
43 : 200951156,5019586
45 : 202671233,71331456
33 : 202832000,7069139
44 : 204365663,30099407
34 : 205320660,66083312
47 : 206044871,86806625
46 : 207242230,67211524
36 : 207398635,01752082
32 : 209694735,69778818
33 : 210138221,21168557
43 : 211047945,99705297
34 : 213337896,57528883
44 : 213667691,3290809
46 : 214857673,68189725
36 : 216248784,18166327
32 : 217402941,8222726
33 : 217522655,47640285
47 : 217609423,71525842
45 : 217799261,05010036
43 : 220646241,52709606
34 : 222818867,34559304
44 : 223206513,99649236
36 : 223394205,93012968
32 : 225940749,59366155
46 : 226078451,53741053
33 : 226542078,31801614
45 : 227364190,059567
47 : 227921131,92846403
36 : 231698160,2545853
34 : 231775795,22787377
43 : 231910178,59066695
46 : 232731955,2163401
44 : 233426317,28499502
32 : 234814604,17068547
45 : 236554998,44019297
33 : 237108892,59789118
47 : 238182783,95456776
43 : 239720072,30870256
36 : 241033764,8870325
46 : 241901305,4216325
32 : 242746422,41886804
44 : 243361647,6680477
34 : 244487300,58507785
33 : 245921486,19911426
47 : 246957605,093765
43 : 247732448,90586466
36 : 248197063,93840662
46 : 249364094,39553562
45 : 249933961,3804509
34 : 251299201,96340922
32 : 252791441,98780861
44 : 253212115,6338279
33 : 253951918,3765472
43 : 254959057,99783927
47 : 255448433,2944117
46 : 257539087,13107872
36 : 257837628,89508656
34 : 259465096,29346037
33 : 261099697,5636567
45 : 262044548,34446532
44 : 262982122,7684977
43 : 263631824,89854676
32 : 264418350,67935804
36 : 264737042,20332953
20 : 266538229,9639696
47 : 267151157,43969187
33 : 269983718,4544492
45 : 270258462,2618485
32 : 271102144,24212915
34 : 272388640,83511245
36 : 272925631,3854999
20 : 273448967,46002567
43 : 274655441,4989401
47 : 275405411,25380164
44 : 276008035,9158122
33 : 277593361,56246006
32 : 279179881,86166716
34 : 279702576,98217416
20 : 281681614,1687421
36 : 281824295,3487659
45 : 282147344,7372947
44 : 284800711,7481996
43 : 286284802,1502417
33 : 286725597,10509264
32 : 287395224,40045875
34 : 288482070,90095365
47 : 289590674,7322785
36 : 290189260,5060524
20 : 290801456,58206034
45 : 292248714,8262189
33 : 294668576,6898055
34 : 295021241,72123146
32 : 295454726,3122433
43 : 295687291,28114074
44 : 297798991,3143849
47 : 298419057,36393857
20 : 299003659,43699145
36 : 299368111,7691668
34 : 303012847,1019048
33 : 303083335,0626168
32 : 303446198,0313231
45 : 304838045,4655226
44 : 305671666,52359
43 : 306834323,5125874
36 : 307494465,1084269
20 : 308294545,05130833
47 : 309469426,0162564
34 : 310864324,310651
33 : 311591686,3537509
32 : 312652541,27085596
43 : 314367316,3321244
45 : 315664004,3330057
20 : 316067772,33766776
44 : 316848574,72315484
36 : 317679467,2137098
33 : 319264630,47164136
32 : 320493029,484871
47 : 320866437,94922316
34 : 321272164,7429866
43 : 322185404,0996554
20 : 324613075,8064939
44 : 325550802,66488683
45 : 326143354,0332885
32 : 327955609,0075436
33 : 328402520,6400968
36 : 328936540,59421355
34 : 329161408,25394404
47 : 329682069,5381105
43 : 332758563,2988752
45 : 333404846,31148946
44 : 334590101,58561945
20 : 334874499,3658951
32 : 335415548,07671154
33 : 336992925,5720389
47 : 338684420,54839134
34 : 339357411,8264196
36 : 340375408,0197516
20 : 342895696,9230746
32 : 343209774,0714345
43 : 343685875,7959973
33 : 344246772,8591809
45 : 345142862,2778427
44 : 346184492,1950067
47 : 347334368,7515401
34 : 347626135,2767667
36 : 348493085,5854359
33 : 351980054,3713417
43 : 352230560,65017104
45 : 354297645,8066041
20 : 354583098,05613035
32 : 355212267,7750503
47 : 355412220,418932
44 : 355742239,38848126
34 : 356828933,8492688
36 : 358043525,10017246
33 : 360239526,0465548
45 : 362293640,35699886
20 : 362929496,79277486
32 : 363329517,78893745
47 : 364580956,88790405
43 : 364900688,3627005
36 : 365248592,89139676
34 : 365629355,8230816
44 : 367349636,65884006
33 : 369483726,24772805
34 : 372209877,1683401
32 : 372479235,7627743
20 : 373157338,35361856
36 : 373160547,46191996
45 : 373827631,29402333
44 : 375872908,37821287
47 : 376457857,34079856
43 : 376693484,6383568
33 : 376997320,95830756
32 : 381050241,95444256
34 : 381352853,1616543
36 : 381667812,8890626
44 : 382628424,3137837
20 : 383043350,0426043
45 : 385403591,6861551
47 : 385768251,7295056
43 : 386020006,5763944
33 : 386407304,3634965
32 : 388564013,6630907
36 : 389869567,47059256
44 : 390454499,8967128
20 : 392606032,4662685
34 : 392908179,08014154
47 : 393521886,7981852
43 : 395423431,6211338
32 : 396014403,2084268
33 : 396307440,2241429
45 : 396793549,2108731
44 : 398540024,11849207
20 : 400344223,56144196
34 : 400980384,5363271
36 : 401145836,27867603
45 : 403754548,42936873
44 : 404791664,0525094
33 : 405118338,7657402
47 : 406173391,74660534
43 : 406873593,4122683
20 : 407948494,7753993
34 : 408511102,3390233
36 : 408960303,3498632
41 : 410067526,262942
44 : 412138551,5350289
45 : 413516174,09908086
43 : 414357730,6209283
20 : 416362783,12644273
41 : 416862806,338597
47 : 417570533,485098
34 : 418203753,64424646
33 : 418541989,2957047
36 : 419491255,59813887
44 : 419992046,5265704
45 : 422911423,0048195
43 : 423237178,2034305
47 : 425366046,75397646
20 : 426043105,338228
33 : 426327171,92458385
34 : 427008617,1897064
36 : 428631567,9251778
41 : 429675781,9167445
44 : 430127861,54164857
45 : 433547635,16948277
43 : 433700630,92534316
47 : 434100518,4705334
33 : 434380494,010527
20 : 434748095,0832252
36 : 436368908,45105547
41 : 438416415,63108575
34 : 438813249,8406435
44 : 440665138,66611403
47 : 441790592,9625912
33 : 442136262,6418483
20 : 443103536,2068547
45 : 444502280,1698228
36 : 445105333,7846867
43 : 445258911,5195757
34 : 446745631,46226203
41 : 447148412,7624762
47 : 449044527,3133203
20 : 449682070,0031861
33 : 450306281,7142056
44 : 452019501,5479233
43 : 452811660,23880816
34 : 454003850,4501041
36 : 454282298,29419696
41 : 456831688,57305855
20 : 457840530,2172142
33 : 458215808,8045488
47 : 459256464,3120105
44 : 460091953,7604715
45 : 460473312,04100597
43 : 461496415,83766973
34 : 463136482,0647016
36 : 464335409,34772104
33 : 465439012,74094546
41 : 465590636,63801306
43 : 467793016,98310393
47 : 468166648,0013107
44 : 468984283,81157327
20 : 469859077,58768547
34 : 472310913,67762065
45 : 472971988,0242679
33 : 473538331,1419827
41 : 474233377,0113557
43 : 475582098,8665889
36 : 475628114,1099079
47 : 476448024,8799148
20 : 477791590,8161284
44 : 478707725,15681976
34 : 479812550,6755071
33 : 481244552,90867496
41 : 483384241,944994
36 : 484551198,33484274
20 : 485436243,4567607
44 : 486088180,18849194
33 : 487458096,86127007
43 : 488076773,79233897
34 : 488366730,15809256
47 : 489194510,317086
41 : 490093543,64426255
36 : 491354857,00091314
45 : 492963705,5787058
20 : 493533959,9164707
33 : 494866760,59577894
34 : 496059420,22489744
47 : 497018229,3182672
44 : 498653387,4533765
41 : 499659617,50271666
36 : 499904153,2969532
43 : 501544526,9675058
45 : 501891572,1526864
33 : 502745361,4010116
20 : 503603890,5210359
34 : 504050141,4092333
47 : 506016078,3773768
41 : 508195217,5507432
44 : 508662595,4988419
36 : 509454896,2696433
43 : 511420091,01005393
33 : 511682097,6839106
20 : 512771142,26688623
34 : 513190445,0908391
45 : 513479564,6098273
47 : 514692323,702362
41 : 515351890,1852316
20 : 518392321,49096966
36 : 519040637,6819538
34 : 519843300,6598277
44 : 520355992,7340539
41 : 521461525,80898094
33 : 521814353,5412346
43 : 522190152,115378
20 : 525122462,202357
47 : 525565328,7882152
41 : 527080036,96817917
45 : 528023437,3216454
36 : 529977097,12691575
33 : 530730248,1037736
43 : 531349353,9439743
44 : 531723433,0372741
34 : 532144122,0811649
20 : 533287168,1595618
41 : 533596090,9663626
47 : 535996194,1669599
39 : 537955377,0714232
36 : 538781903,0536714
20 : 539521970,1549505
45 : 541080033,2528037
34 : 541563427,248903
44 : 542107952,0336064
43 : 542521562,2751709
41 : 543177037,8428859
47 : 543690815,8615408
39 : 545847356,478471
20 : 547335730,3519099
36 : 548631921,0206078
43 : 549223375,1927472
44 : 550531806,3329961
45 : 551229992,2559515
34 : 551829017,6818085
41 : 552955050,141593
47 : 553378179,7580031
39 : 555129979,4127634
20 : 556046981,9502169
43 : 557050719,5559388
36 : 558687081,288803
34 : 559939006,6269636
41 : 560528891,2083758
39 : 561839887,0297402
47 : 562391721,3354288
44 : 563463125,8868843
45 : 563870694,7031566
20 : 564059983,3391223
36 : 566687557,101796
43 : 567920271,2136539
41 : 568257847,6632315
34 : 568999203,7971472
39 : 569730605,4498087
45 : 573809960,5323892
36 : 574470208,8894469
20 : 575128319,5327282
41 : 576065612,8860292
43 : 576700016,6150006
44 : 577099003,3292867
39 : 577866129,9273725
47 : 578259672,4905913
34 : 578628200,3139819
45 : 582223168,4302049
20 : 582569288,8523285
41 : 583692146,8803035
36 : 584222192,0889722
39 : 584550486,100034
43 : 585044715,2868325
47 : 585526724,650327
44 : 586244479,6178524
45 : 588620563,2873445
34 : 590118812,7626835
36 : 590507389,503834
43 : 591504023,2826579
39 : 592817495,8129591
44 : 593398534,108224
47 : 593771480,6872492
45 : 596581003,3829396
34 : 596935302,9550545
36 : 597168847,2110747
43 : 597631648,9136859
44 : 598741077,2219019
39 : 599199331,6952608
34 : 602429610,69156
45 : 602755283,8694638
43 : 602870979,4271735
36 : 603072584,2565085
44 : 603258604,1330754
36 : 606198149,2136464
45 : 606405507,817559
44 : 606428403,0620941
45 : 607595184,27795
45 : 608760009,7357473
45 : 609922883,7587192
45 : 611083810,7418281
45 : 612242795,1517595
45 : 613399841,526855
45 : 614554954,4769658
45 : 615708138,6831404
